# Created by Physics and Images Processing Group 
# name: Abs
# type: matrix
# rows: 500
# columns: 1
 1.8488858341189778e-09
 1.9759083993037365e-03
 3.9518149497216395e-03
 5.9277215001395421e-03
 7.9036280505574447e-03
 9.8795346009753465e-03
 1.1855441151393250e-02
 1.3831347701811153e-02
 1.5807254252229053e-02
 1.7783160802646955e-02
 1.9759067353064857e-02
 2.1734973903482762e-02
 2.3710880453900664e-02
 2.5686787004318565e-02
 2.7662693554736471e-02
 2.9638600105154372e-02
 3.1614506655572278e-02
 3.3590413205990183e-02
 3.5566319756408081e-02
 3.7542226306825986e-02
 3.9518132857243884e-02
 4.1494039407661790e-02
 4.3469945958079695e-02
 4.5445852508497593e-02
 4.7421759058915498e-02
 4.9397665609333404e-02
 5.1373572159751302e-02
 5.3349478710169207e-02
 5.5325385260587112e-02
 5.7301291811005010e-02
 5.9277198361422916e-02
 6.1253104911840814e-02
 6.3229011462258719e-02
 6.5204918012676624e-02
 6.7180824563094529e-02
 6.9156731113512421e-02
 7.1132637663930326e-02
 7.3108544214348231e-02
 7.5084450764766136e-02
 7.7060357315184042e-02
 7.9036263865601933e-02
 8.1012170416019838e-02
 8.2988076966437743e-02
 8.4963983516855648e-02
 8.6939890067273554e-02
 8.8915796617691459e-02
 9.0891703168109350e-02
 9.2867609718527255e-02
 9.4843516268945161e-02
 9.6819422819363066e-02
 9.8795329369780971e-02
 1.0077123592019886e-01
 1.0274714247061677e-01
 1.0472304902103467e-01
 1.0669895557145258e-01
 1.0867486212187048e-01
 1.1065076867228839e-01
 1.1262667522270628e-01
 1.1460258177312418e-01
 1.1657848832354209e-01
 1.1855439487396000e-01
 1.2053030142437790e-01
 1.2250620797479579e-01
 1.2448211452521370e-01
 1.2645802107563159e-01
 1.2843392762604949e-01
 1.3040983417646740e-01
 1.3238574072688530e-01
 1.3436164727730321e-01
 1.3633755382772111e-01
 1.3831346037813899e-01
 1.4028936692855690e-01
 1.4226527347897480e-01
 1.4424118002939271e-01
 1.4621708657981061e-01
 1.4819299313022852e-01
 1.5016889968064642e-01
 1.5214480623106433e-01
 1.5412071278148223e-01
 1.5609661933190014e-01
 1.5807252588231802e-01
 1.6004843243273592e-01
 1.6202433898315383e-01
 1.6400024553357173e-01
 1.6597615208398964e-01
 1.6795205863440754e-01
 1.6992796518482545e-01
 1.7190387173524335e-01
 1.7387977828566126e-01
 1.7585568483607916e-01
 1.7783159138649707e-01
 1.7980749793691495e-01
 1.8178340448733285e-01
 1.8375931103775076e-01
 1.8573521758816866e-01
 1.8771112413858657e-01
 1.8968703068900447e-01
 1.9166293723942238e-01
 1.9363884378984028e-01
 1.9561475034025819e-01
 1.9759065689067609e-01
 1.9956656344109400e-01
 2.0154246999151187e-01
 2.0351837654192978e-01
 2.0549428309234768e-01
 2.0747018964276559e-01
 2.0944609619318350e-01
 2.1142200274360140e-01
 2.1339790929401931e-01
 2.1537381584443721e-01
 2.1734972239485512e-01
 2.1932562894527302e-01
 2.2130153549569093e-01
 2.2327744204610880e-01
 2.2525334859652671e-01
 2.2722925514694461e-01
 2.2920516169736252e-01
 2.3118106824778042e-01
 2.3315697479819833e-01
 2.3513288134861624e-01
 2.3710878789903414e-01
 2.3908469444945205e-01
 2.4106060099986995e-01
 2.4303650755028783e-01
 2.4501241410070573e-01
 2.4698832065112364e-01
 2.4896422720154154e-01
 2.5094013375195945e-01
 2.5291604030237735e-01
 2.5489194685279526e-01
 2.5686785340321316e-01
 2.5884375995363107e-01
 2.6081966650404897e-01
 2.6279557305446688e-01
 2.6477147960488479e-01
 2.6674738615530269e-01
 2.6872329270572060e-01
 2.7069919925613850e-01
 2.7267510580655641e-01
 2.7465101235697426e-01
 2.7662691890739216e-01
 2.7860282545781007e-01
 2.8057873200822797e-01
 2.8255463855864588e-01
 2.8453054510906378e-01
 2.8650645165948169e-01
 2.8848235820989959e-01
 2.9045826476031750e-01
 2.9243417131073540e-01
 2.9441007786115331e-01
 2.9638598441157121e-01
 2.9836189096198912e-01
 3.0033779751240702e-01
 3.0231370406282493e-01
 3.0428961061324283e-01
 3.0626551716366074e-01
 3.0824142371407864e-01
 3.1021733026449655e-01
 3.1219323681491445e-01
 3.1416914336533236e-01
 3.1614504991575021e-01
 3.1812095646616811e-01
 3.2009686301658602e-01
 3.2207276956700392e-01
 3.2404867611742183e-01
 3.2602458266783974e-01
 3.2800048921825764e-01
 3.2997639576867555e-01
 3.3195230231909345e-01
 3.3392820886951136e-01
 3.3590411541992926e-01
 3.3788002197034717e-01
 3.3985592852076507e-01
 3.4183183507118298e-01
 3.4380774162160088e-01
 3.4578364817201879e-01
 3.4775955472243669e-01
 3.4973546127285460e-01
 3.5171136782327250e-01
 3.5368727437369041e-01
 3.5566318092410831e-01
 3.5763908747452622e-01
 3.5961499402494407e-01
 3.6159090057536197e-01
 3.6356680712577988e-01
 3.6554271367619778e-01
 3.6751862022661569e-01
 3.6949452677703359e-01
 3.7147043332745150e-01
 3.7344633987786940e-01
 3.7542224642828731e-01
 3.7739815297870521e-01
 3.7937405952912312e-01
 3.8134996607954103e-01
 3.8332587262995893e-01
 3.8530177918037684e-01
 3.8727768573079474e-01
 3.8925359228121265e-01
 3.9122949883163055e-01
 3.9320540538204846e-01
 3.9518131193246636e-01
 3.9715721848288427e-01
 3.9913312503330217e-01
 4.0110903158372002e-01
 4.0308493813413793e-01
 4.0506084468455583e-01
 4.0703675123497374e-01
 4.0901265778539164e-01
 4.1098856433580955e-01
 4.1296447088622745e-01
 4.1494037743664536e-01
 4.1691628398706326e-01
 4.1889219053748117e-01
 4.2086809708789907e-01
 4.2284400363831698e-01
 4.2481991018873488e-01
 4.2679581673915279e-01
 4.2877172328957069e-01
 4.3074762983998860e-01
 4.3272353639040650e-01
 4.3469944294082441e-01
 4.3667534949124232e-01
 4.3865125604166022e-01
 4.4062716259207813e-01
 4.4260306914249603e-01
 4.4457897569291388e-01
 4.4655488224333179e-01
 4.4853078879374969e-01
 4.5050669534416760e-01
 4.5248260189458550e-01
 4.5445850844500341e-01
 4.5643441499542131e-01
 4.5841032154583922e-01
 4.6038622809625712e-01
 4.6236213464667503e-01
 4.6433804119709293e-01
 4.6631394774751084e-01
 4.6828985429792874e-01
 4.7026576084834665e-01
 4.7224166739876455e-01
 4.7421757394918246e-01
 4.7619348049960036e-01
 4.7816938705001827e-01
 4.8014529360043617e-01
 4.8212120015085408e-01
 4.8409710670127198e-01
 4.8607301325168983e-01
 4.8804891980210774e-01
 4.9002482635252564e-01
 4.9200073290294355e-01
 4.9397663945336145e-01
 4.9595254600377936e-01
 4.9792845255419727e-01
 4.9990435910461517e-01
 5.0188026565503308e-01
 5.0385617220545098e-01
 5.0583207875586889e-01
 5.0780798530628679e-01
 5.0978389185670470e-01
 5.1175979840712260e-01
 5.1373570495754051e-01
 5.1571161150795841e-01
 5.1768751805837632e-01
 5.1966342460879422e-01
 5.2163933115921213e-01
 5.2361523770963003e-01
 5.2559114426004794e-01
 5.2756705081046584e-01
 5.2954295736088375e-01
 5.3151886391130165e-01
 5.3349477046171956e-01
 5.3547067701213746e-01
 5.3744658356255537e-01
 5.3942249011297327e-01
 5.4139839666339118e-01
 5.4337430321380908e-01
 5.4535020976422699e-01
 5.4732611631464489e-01
 5.4930202286506269e-01
 5.5127792941548059e-01
 5.5325383596589850e-01
 5.5522974251631640e-01
 5.5720564906673431e-01
 5.5918155561715222e-01
 5.6115746216757012e-01
 5.6313336871798803e-01
 5.6510927526840593e-01
 5.6708518181882384e-01
 5.6906108836924174e-01
 5.7103699491965965e-01
 5.7301290147007755e-01
 5.7498880802049546e-01
 5.7696471457091336e-01
 5.7894062112133127e-01
 5.8091652767174917e-01
 5.8289243422216708e-01
 5.8486834077258498e-01
 5.8684424732300289e-01
 5.8882015387342079e-01
 5.9079606042383870e-01
 5.9277196697425660e-01
 5.9474787352467451e-01
 5.9672378007509241e-01
 5.9869968662551032e-01
 6.0067559317592822e-01
 6.0265149972634613e-01
 6.0462740627676403e-01
 6.0660331282718194e-01
 6.0857921937759984e-01
 6.1055512592801775e-01
 6.1253103247843566e-01
 6.1450693902885356e-01
 6.1648284557927147e-01
 6.1845875212968937e-01
 6.2043465868010728e-01
 6.2241056523052518e-01
 6.2438647178094309e-01
 6.2636237833136099e-01
 6.2833828488177890e-01
 6.3031419143219680e-01
 6.3229009798261460e-01
 6.3426600453303250e-01
 6.3624191108345041e-01
 6.3821781763386831e-01
 6.4019372418428622e-01
 6.4216963073470412e-01
 6.4414553728512203e-01
 6.4612144383553993e-01
 6.4809735038595784e-01
