# Created by Physics and Images Processing Group 
# name: Abs
# type: matrix
# rows: 50
# columns: 1
 -2.1415786786536920e+01
 -2.0551633871565929e+01
 -1.9687480956594939e+01
 -1.8823328041623949e+01
 -1.7959175126652958e+01
 -1.7095022211681968e+01
 -1.6230869296710978e+01
 -1.5366716381739987e+01
 -1.4502563466768997e+01
 -1.3638410551798007e+01
 -1.2774257636827015e+01
 -1.1910104721856024e+01
 -1.1045951806885034e+01
 -1.0181798891914044e+01
 -9.3176459769430533e+00
 -8.4534930619720630e+00
 -7.5893401470010726e+00
 -6.7251872320300823e+00
 -5.8610343170590919e+00
 -4.9968814020880998e+00
 -4.1327284871171095e+00
 -3.2685755721461192e+00
 -2.4044226571751288e+00
 -1.5402697422041385e+00
 -6.7611682723314814e-01
 1.8803608773784219e-01
 1.0521890027088325e+00
 1.9163419176798229e+00
 2.7804948326508132e+00
 3.6446477476218035e+00
 4.5088006625927939e+00
 5.3729535775637842e+00
 6.2371064925347746e+00
 7.1012594075057649e+00
 7.9654123224767552e+00
 8.8295652374477456e+00
 9.6937181524187359e+00
 1.0557871067389726e+01
 1.1422023982360720e+01
 1.2286176897331707e+01
 1.3150329812302701e+01
 1.4014482727273688e+01
 1.4878635642244681e+01
 1.5742788557215668e+01
 1.6606941472186662e+01
 1.7471094387157649e+01
 1.8335247302128643e+01
 1.9199400217099630e+01
 2.0063553132070624e+01
 2.0927706047041610e+01
# name: Hist_H0
# type: matrix
# rows: 50
# columns: 1
 1.0000000000000000e+00
 0.0000000000000000e+00
 3.0000000000000000e+00
 3.0000000000000000e+00
 9.0000000000000000e+00
 7.0000000000000000e+00
 1.7000000000000000e+01
 2.1000000000000000e+01
 2.2000000000000000e+01
 3.0000000000000000e+01
 3.3000000000000000e+01
 4.2000000000000000e+01
 4.3000000000000000e+01
 4.4000000000000000e+01
 3.3000000000000000e+01
 4.2000000000000000e+01
 2.2000000000000000e+01
 2.5000000000000000e+01
 2.7000000000000000e+01
 2.3000000000000000e+01
 1.3000000000000000e+01
 1.6000000000000000e+01
 6.0000000000000000e+00
 6.0000000000000000e+00
 2.0000000000000000e+00
 3.0000000000000000e+00
 3.0000000000000000e+00
 3.0000000000000000e+00
 1.0000000000000000e+00
 0.0000000000000000e+00
 0.0000000000000000e+00
 0.0000000000000000e+00
 0.0000000000000000e+00
 0.0000000000000000e+00
 0.0000000000000000e+00
 0.0000000000000000e+00
 0.0000000000000000e+00
 0.0000000000000000e+00
 0.0000000000000000e+00
 0.0000000000000000e+00
 0.0000000000000000e+00
 0.0000000000000000e+00
 0.0000000000000000e+00
 0.0000000000000000e+00
 0.0000000000000000e+00
 0.0000000000000000e+00
 0.0000000000000000e+00
 0.0000000000000000e+00
 0.0000000000000000e+00
 0.0000000000000000e+00
# name: Hist_H1
# type: matrix
# rows: 50
# columns: 1
 0.0000000000000000e+00
 0.0000000000000000e+00
 0.0000000000000000e+00
 0.0000000000000000e+00
 0.0000000000000000e+00
 0.0000000000000000e+00
 0.0000000000000000e+00
 0.0000000000000000e+00
 0.0000000000000000e+00
 0.0000000000000000e+00
 0.0000000000000000e+00
 0.0000000000000000e+00
 0.0000000000000000e+00
 0.0000000000000000e+00
 0.0000000000000000e+00
 0.0000000000000000e+00
 0.0000000000000000e+00
 0.0000000000000000e+00
 0.0000000000000000e+00
 0.0000000000000000e+00
 1.0000000000000000e+00
 3.0000000000000000e+00
 1.0000000000000000e+00
 1.0000000000000000e+00
 1.0000000000000000e+00
 2.0000000000000000e+00
 1.1000000000000000e+01
 6.0000000000000000e+00
 1.0000000000000000e+01
 1.7000000000000000e+01
 2.7000000000000000e+01
 2.7000000000000000e+01
 2.7000000000000000e+01
 2.9000000000000000e+01
 3.8000000000000000e+01
 4.2000000000000000e+01
 3.4000000000000000e+01
 3.2000000000000000e+01
 3.2000000000000000e+01
 3.6000000000000000e+01
 3.7000000000000000e+01
 3.0000000000000000e+01
 1.2000000000000000e+01
 1.3000000000000000e+01
 1.3000000000000000e+01
 7.0000000000000000e+00
 7.0000000000000000e+00
 2.0000000000000000e+00
 0.0000000000000000e+00
 1.0000000000000000e+00
# name: Vect_Pfa
# type: matrix
# rows: 50
# columns: 1
 1.0000000000000002e+00
 9.9800000000000022e-01
 9.9800000000000022e-01
 9.9200000000000021e-01
 9.8600000000000021e-01
 9.6800000000000019e-01
 9.5400000000000018e-01
 9.2000000000000015e-01
 8.7800000000000011e-01
 8.3400000000000007e-01
 7.7400000000000002e-01
 7.0799999999999996e-01
 6.2400000000000000e-01
 5.3800000000000003e-01
 4.5000000000000001e-01
 3.8400000000000001e-01
 2.9999999999999999e-01
 2.5600000000000001e-01
 2.0599999999999999e-01
 1.5200000000000000e-01
 1.0600000000000000e-01
 8.0000000000000002e-02
 4.8000000000000001e-02
 3.6000000000000004e-02
 2.4000000000000000e-02
 2.0000000000000000e-02
 1.4000000000000000e-02
 8.0000000000000002e-03
 2.0000000000000000e-03
 0.0000000000000000e+00
 0.0000000000000000e+00
 0.0000000000000000e+00
 0.0000000000000000e+00
 0.0000000000000000e+00
 0.0000000000000000e+00
 0.0000000000000000e+00
 0.0000000000000000e+00
 0.0000000000000000e+00
 0.0000000000000000e+00
 0.0000000000000000e+00
 0.0000000000000000e+00
 0.0000000000000000e+00
 0.0000000000000000e+00
 0.0000000000000000e+00
 0.0000000000000000e+00
 0.0000000000000000e+00
 0.0000000000000000e+00
 0.0000000000000000e+00
 0.0000000000000000e+00
 0.0000000000000000e+00
# name: Vect_Pd
# type: matrix
# rows: 50
# columns: 1
 9.9800000000000022e-01
 9.9800000000000022e-01
 9.9800000000000022e-01
 9.9800000000000022e-01
 9.9800000000000022e-01
 9.9800000000000022e-01
 9.9800000000000022e-01
 9.9800000000000022e-01
 9.9800000000000022e-01
 9.9800000000000022e-01
 9.9800000000000022e-01
 9.9800000000000022e-01
 9.9800000000000022e-01
 9.9800000000000022e-01
 9.9800000000000022e-01
 9.9800000000000022e-01
 9.9800000000000022e-01
 9.9800000000000022e-01
 9.9800000000000022e-01
 9.9800000000000022e-01
 9.9800000000000022e-01
 9.9600000000000022e-01
 9.9000000000000021e-01
 9.8800000000000021e-01
 9.8600000000000021e-01
 9.8400000000000021e-01
 9.8000000000000020e-01
 9.5800000000000018e-01
 9.4600000000000017e-01
 9.2600000000000016e-01
 8.9200000000000013e-01
 8.3800000000000008e-01
 7.8400000000000003e-01
 7.2999999999999998e-01
 6.7199999999999993e-01
 5.9599999999999997e-01
 5.1200000000000001e-01
 4.4400000000000001e-01
 3.8000000000000000e-01
 3.1600000000000000e-01
 2.4399999999999999e-01
 1.6999999999999998e-01
 1.0999999999999999e-01
 8.5999999999999993e-02
 5.9999999999999998e-02
 3.4000000000000002e-02
 2.0000000000000000e-02
 6.0000000000000001e-03
 2.0000000000000000e-03
 2.0000000000000000e-03
