# Created by Physics and Images Processing Group 
# name: Abs
# type: matrix
# rows: 500
# columns: 1
 2.4214097262904486e-06
 7.2396212885728515e+00
 1.4479240155735978e+01
 2.1718859022899103e+01
 2.8958477890062227e+01
 3.6198096757225350e+01
 4.3437715624388481e+01
 5.0677334491551605e+01
 5.7916953358714728e+01
 6.5156572225877866e+01
 7.2396191093040983e+01
 7.9635809960204114e+01
 8.6875428827367244e+01
 9.4115047694530361e+01
 1.0135466656169349e+02
 1.0859428542885661e+02
 1.1583390429601974e+02
 1.2307352316318287e+02
 1.3031314203034600e+02
 1.3755276089750910e+02
 1.4479237976467223e+02
 1.5203199863183536e+02
 1.5927161749899849e+02
 1.6651123636616163e+02
 1.7375085523332476e+02
 1.8099047410048786e+02
 1.8823009296765099e+02
 1.9546971183481412e+02
 2.0270933070197725e+02
 2.0994894956914038e+02
 2.1718856843630348e+02
 2.2442818730346661e+02
 2.3166780617062975e+02
 2.3890742503779288e+02
 2.4614704390495601e+02
 2.5338666277211911e+02
 2.6062628163928224e+02
 2.6786590050644537e+02
 2.7510551937360844e+02
 2.8234513824077158e+02
 2.8958475710793471e+02
 2.9682437597509784e+02
 3.0406399484226097e+02
 3.1130361370942410e+02
 3.1854323257658723e+02
 3.2578285144375036e+02
 3.3302247031091349e+02
 3.4026208917807662e+02
 3.4750170804523975e+02
 3.5474132691240283e+02
 3.6198094577956596e+02
 3.6922056464672909e+02
 3.7646018351389222e+02
 3.8369980238105535e+02
 3.9093942124821848e+02
 3.9817904011538161e+02
 4.0541865898254474e+02
 4.1265827784970787e+02
 4.1989789671687100e+02
 4.2713751558403408e+02
 4.3437713445119721e+02
 4.4161675331836034e+02
 4.4885637218552347e+02
 4.5609599105268660e+02
 4.6333560991984973e+02
 4.7057522878701286e+02
 4.7781484765417599e+02
 4.8505446652133912e+02
 4.9229408538850225e+02
 4.9953370425566538e+02
 5.0677332312282846e+02
 5.1401294198999165e+02
 5.2125256085715478e+02
 5.2849217972431791e+02
 5.3573179859148104e+02
 5.4297141745864405e+02
 5.5021103632580719e+02
 5.5745065519297032e+02
 5.6469027406013345e+02
 5.7192989292729658e+02
 5.7916951179445971e+02
 5.8640913066162284e+02
 5.9364874952878597e+02
 6.0088836839594910e+02
 6.0812798726311223e+02
 6.1536760613027536e+02
 6.2260722499743849e+02
 6.2984684386460162e+02
 6.3708646273176475e+02
 6.4432608159892789e+02
 6.5156570046609102e+02
 6.5880531933325415e+02
 6.6604493820041728e+02
 6.7328455706758041e+02
 6.8052417593474354e+02
 6.8776379480190667e+02
 6.9500341366906980e+02
 7.0224303253623282e+02
 7.0948265140339595e+02
 7.1672227027055908e+02
 7.2396188913772221e+02
 7.3120150800488534e+02
 7.3844112687204847e+02
 7.4568074573921160e+02
 7.5292036460637473e+02
 7.6015998347353786e+02
 7.6739960234070099e+02
 7.7463922120786413e+02
 7.8187884007502726e+02
 7.8911845894219039e+02
 7.9635807780935352e+02
 8.0359769667651665e+02
 8.1083731554367978e+02
 8.1807693441084291e+02
 8.2531655327800604e+02
 8.3255617214516917e+02
 8.3979579101233230e+02
 8.4703540987949543e+02
 8.5427502874665845e+02
 8.6151464761382158e+02
 8.6875426648098471e+02
 8.7599388534814784e+02
 8.8323350421531097e+02
 8.9047312308247410e+02
 8.9771274194963723e+02
 9.0495236081680036e+02
 9.1219197968396350e+02
 9.1943159855112663e+02
 9.2667121741828976e+02
 9.3391083628545289e+02
 9.4115045515261602e+02
 9.4839007401977915e+02
 9.5562969288694228e+02
 9.6286931175410541e+02
 9.7010893062126854e+02
 9.7734854948843167e+02
 9.8458816835559480e+02
 9.9182778722275793e+02
 9.9906740608992106e+02
 1.0063070249570841e+03
 1.0135466438242472e+03
 1.0207862626914103e+03
 1.0280258815585737e+03
 1.0352655004257367e+03
 1.0425051192929000e+03
 1.0497447381600630e+03
 1.0569843570272262e+03
 1.0642239758943892e+03
 1.0714635947615525e+03
 1.0787032136287155e+03
 1.0859428324958785e+03
 1.0931824513630418e+03
 1.1004220702302048e+03
 1.1076616890973680e+03
 1.1149013079645310e+03
 1.1221409268316943e+03
 1.1293805456988573e+03
 1.1366201645660205e+03
 1.1438597834331836e+03
 1.1510994023003468e+03
 1.1583390211675098e+03
 1.1655786400346731e+03
 1.1728182589018361e+03
 1.1800578777689993e+03
 1.1872974966361624e+03
 1.1945371155033256e+03
 1.2017767343704886e+03
 1.2090163532376519e+03
 1.2162559721048149e+03
 1.2234955909719781e+03
 1.2307352098391411e+03
 1.2379748287063042e+03
 1.2452144475734674e+03
 1.2524540664406304e+03
 1.2596936853077937e+03
 1.2669333041749567e+03
 1.2741729230421199e+03
 1.2814125419092829e+03
 1.2886521607764462e+03
 1.2958917796436092e+03
 1.3031313985107724e+03
 1.3103710173779355e+03
 1.3176106362450987e+03
 1.3248502551122617e+03
 1.3320898739794250e+03
 1.3393294928465880e+03
 1.3465691117137512e+03
 1.3538087305809142e+03
 1.3610483494480775e+03
 1.3682879683152405e+03
 1.3755275871824037e+03
 1.3827672060495668e+03
 1.3900068249167300e+03
 1.3972464437838930e+03
 1.4044860626510560e+03
 1.4117256815182193e+03
 1.4189653003853823e+03
 1.4262049192525456e+03
 1.4334445381197086e+03
 1.4406841569868718e+03
 1.4479237758540348e+03
 1.4551633947211981e+03
 1.4624030135883611e+03
 1.4696426324555243e+03
 1.4768822513226874e+03
 1.4841218701898506e+03
 1.4913614890570136e+03
 1.4986011079241769e+03
 1.5058407267913399e+03
 1.5130803456585031e+03
 1.5203199645256661e+03
 1.5275595833928294e+03
 1.5347992022599924e+03
 1.5420388211271556e+03
 1.5492784399943187e+03
 1.5565180588614817e+03
 1.5637576777286449e+03
 1.5709972965958079e+03
 1.5782369154629712e+03
 1.5854765343301342e+03
 1.5927161531972974e+03
 1.5999557720644605e+03
 1.6071953909316237e+03
 1.6144350097987867e+03
 1.6216746286659500e+03
 1.6289142475331130e+03
 1.6361538664002762e+03
 1.6433934852674392e+03
 1.6506331041346025e+03
 1.6578727230017655e+03
 1.6651123418689288e+03
 1.6723519607360918e+03
 1.6795915796032550e+03
 1.6868311984704180e+03
 1.6940708173375813e+03
 1.7013104362047443e+03
 1.7085500550719073e+03
 1.7157896739390706e+03
 1.7230292928062336e+03
 1.7302689116733968e+03
 1.7375085305405598e+03
 1.7447481494077231e+03
 1.7519877682748861e+03
 1.7592273871420493e+03
 1.7664670060092124e+03
 1.7737066248763756e+03
 1.7809462437435386e+03
 1.7881858626107019e+03
 1.7954254814778649e+03
 1.8026651003450281e+03
 1.8099047192121911e+03
 1.8171443380793544e+03
 1.8243839569465174e+03
 1.8316235758136806e+03
 1.8388631946808437e+03
 1.8461028135480069e+03
 1.8533424324151699e+03
 1.8605820512823329e+03
 1.8678216701494962e+03
 1.8750612890166592e+03
 1.8823009078838224e+03
 1.8895405267509855e+03
 1.8967801456181487e+03
 1.9040197644853117e+03
 1.9112593833524750e+03
 1.9184990022196380e+03
 1.9257386210868012e+03
 1.9329782399539642e+03
 1.9402178588211275e+03
 1.9474574776882905e+03
 1.9546970965554538e+03
 1.9619367154226168e+03
 1.9691763342897800e+03
 1.9764159531569430e+03
 1.9836555720241063e+03
 1.9908951908912693e+03
 1.9981348097584325e+03
 2.0053744286255956e+03
 2.0126140474927586e+03
 2.0198536663599218e+03
 2.0270932852270848e+03
 2.0343329040942481e+03
 2.0415725229614111e+03
 2.0488121418285741e+03
 2.0560517606957374e+03
 2.0632913795629001e+03
 2.0705309984300634e+03
 2.0777706172972266e+03
 2.0850102361643899e+03
 2.0922498550315527e+03
 2.0994894738987159e+03
 2.1067290927658792e+03
 2.1139687116330424e+03
 2.1212083305002052e+03
 2.1284479493673684e+03
 2.1356875682345317e+03
 2.1429271871016949e+03
 2.1501668059688577e+03
 2.1574064248360210e+03
 2.1646460437031842e+03
 2.1718856625703470e+03
 2.1791252814375102e+03
 2.1863649003046735e+03
 2.1936045191718367e+03
 2.2008441380389995e+03
 2.2080837569061628e+03
 2.2153233757733260e+03
 2.2225629946404893e+03
 2.2298026135076520e+03
 2.2370422323748153e+03
 2.2442818512419785e+03
 2.2515214701091418e+03
 2.2587610889763046e+03
 2.2660007078434678e+03
 2.2732403267106311e+03
 2.2804799455777943e+03
 2.2877195644449571e+03
 2.2949591833121203e+03
 2.3021988021792836e+03
 2.3094384210464468e+03
 2.3166780399136096e+03
 2.3239176587807729e+03
 2.3311572776479361e+03
 2.3383968965150989e+03
 2.3456365153822621e+03
 2.3528761342494254e+03
 2.3601157531165886e+03
 2.3673553719837514e+03
 2.3745949908509147e+03
