# Created by Physics and Images Processing Group 
# name: Abs
# type: matrix
# rows: 500
# columns: 1
 -1.4543415754208411e-01
 -7.4033553613741782e-02
 -2.6329496853994550e-03
 6.8767654242942872e-02
 1.4016825817128520e-01
 2.1156886209962755e-01
 2.8296946602796985e-01
 3.5437006995631215e-01
 4.2577067388465450e-01
 4.9717127781299686e-01
 5.6857188174133921e-01
 6.3997248566968146e-01
 7.1137308959802381e-01
 7.8277369352636617e-01
 8.5417429745470841e-01
 9.2557490138305076e-01
 9.9697550531139312e-01
 1.0683761092397355e+00
 1.1397767131680778e+00
 1.2111773170964202e+00
 1.2825779210247625e+00
 1.3539785249531047e+00
 1.4253791288814470e+00
 1.4967797328097894e+00
 1.5681803367381317e+00
 1.6395809406664741e+00
 1.7109815445948164e+00
 1.7823821485231588e+00
 1.8537827524515009e+00
 1.9251833563798435e+00
 1.9965839603081856e+00
 2.0679845642365282e+00
 2.1393851681648703e+00
 2.2107857720932125e+00
 2.2821863760215551e+00
 2.3535869799498972e+00
 2.4249875838782398e+00
 2.4963881878065819e+00
 2.5677887917349245e+00
 2.6391893956632666e+00
 2.7105899995916092e+00
 2.7819906035199513e+00
 2.8533912074482934e+00
 2.9247918113766360e+00
 2.9961924153049782e+00
 3.0675930192333207e+00
 3.1389936231616629e+00
 3.2103942270900054e+00
 3.2817948310183476e+00
 3.3531954349466897e+00
 3.4245960388750323e+00
 3.4959966428033744e+00
 3.5673972467317170e+00
 3.6387978506600591e+00
 3.7101984545884017e+00
 3.7815990585167438e+00
 3.8529996624450860e+00
 3.9244002663734285e+00
 3.9958008703017711e+00
 4.0672014742301128e+00
 4.1386020781584554e+00
 4.2100026820867980e+00
 4.2814032860151405e+00
 4.3528038899434822e+00
 4.4242044938718248e+00
 4.4956050978001674e+00
 4.5670057017285091e+00
 4.6384063056568516e+00
 4.7098069095851942e+00
 4.7812075135135368e+00
 4.8526081174418785e+00
 4.9240087213702211e+00
 4.9954093252985636e+00
 5.0668099292269053e+00
 5.1382105331552479e+00
 5.2096111370835905e+00
 5.2810117410119330e+00
 5.3524123449402747e+00
 5.4238129488686173e+00
 5.4952135527969599e+00
 5.5666141567253025e+00
 5.6380147606536442e+00
 5.7094153645819867e+00
 5.7808159685103293e+00
 5.8522165724386710e+00
 5.9236171763670136e+00
 5.9950177802953561e+00
 6.0664183842236987e+00
 6.1378189881520404e+00
 6.2092195920803830e+00
 6.2806201960087256e+00
 6.3520207999370673e+00
 6.4234214038654098e+00
 6.4948220077937524e+00
 6.5662226117220950e+00
 6.6376232156504367e+00
 6.7090238195787792e+00
 6.7804244235071218e+00
 6.8518250274354635e+00
 6.9232256313638061e+00
 6.9946262352921487e+00
 7.0660268392204912e+00
 7.1374274431488329e+00
 7.2088280470771755e+00
 7.2802286510055181e+00
 7.3516292549338598e+00
 7.4230298588622023e+00
 7.4944304627905449e+00
 7.5658310667188875e+00
 7.6372316706472292e+00
 7.7086322745755718e+00
 7.7800328785039143e+00
 7.8514334824322560e+00
 7.9228340863605986e+00
 7.9942346902889412e+00
 8.0656352942172838e+00
 8.1370358981456263e+00
 8.2084365020739689e+00
 8.2798371060023097e+00
 8.3512377099306523e+00
 8.4226383138589949e+00
 8.4940389177873374e+00
 8.5654395217156800e+00
 8.6368401256440226e+00
 8.7082407295723652e+00
 8.7796413335007060e+00
 8.8510419374290485e+00
 8.9224425413573911e+00
 8.9938431452857337e+00
 9.0652437492140763e+00
 9.1366443531424189e+00
 9.2080449570707614e+00
 9.2794455609991022e+00
 9.3508461649274448e+00
 9.4222467688557874e+00
 9.4936473727841300e+00
 9.5650479767124725e+00
 9.6364485806408151e+00
 9.7078491845691577e+00
 9.7792497884974985e+00
 9.8506503924258411e+00
 9.9220509963541836e+00
 9.9934516002825262e+00
 1.0064852204210869e+01
 1.0136252808139211e+01
 1.0207653412067554e+01
 1.0279054015995895e+01
 1.0350454619924237e+01
 1.0421855223852580e+01
 1.0493255827780922e+01
 1.0564656431709265e+01
 1.0636057035637608e+01
 1.0707457639565950e+01
 1.0778858243494291e+01
 1.0850258847422634e+01
 1.0921659451350976e+01
 1.0993060055279319e+01
 1.1064460659207661e+01
 1.1135861263136004e+01
 1.1207261867064346e+01
 1.1278662470992689e+01
 1.1350063074921030e+01
 1.1421463678849372e+01
 1.1492864282777715e+01
 1.1564264886706058e+01
 1.1635665490634400e+01
 1.1707066094562743e+01
 1.1778466698491085e+01
 1.1849867302419426e+01
 1.1921267906347769e+01
 1.1992668510276111e+01
 1.2064069114204454e+01
 1.2135469718132796e+01
 1.2206870322061139e+01
 1.2278270925989482e+01
 1.2349671529917822e+01
 1.2421072133846165e+01
 1.2492472737774508e+01
 1.2563873341702850e+01
 1.2635273945631193e+01
 1.2706674549559535e+01
 1.2778075153487878e+01
 1.2849475757416219e+01
 1.2920876361344561e+01
 1.2992276965272904e+01
 1.3063677569201246e+01
 1.3135078173129589e+01
 1.3206478777057931e+01
 1.3277879380986274e+01
 1.3349279984914615e+01
 1.3420680588842957e+01
 1.3492081192771300e+01
 1.3563481796699643e+01
 1.3634882400627985e+01
 1.3706283004556328e+01
 1.3777683608484670e+01
 1.3849084212413011e+01
 1.3920484816341354e+01
 1.3991885420269696e+01
 1.4063286024198039e+01
 1.4134686628126381e+01
 1.4206087232054724e+01
 1.4277487835983067e+01
 1.4348888439911407e+01
 1.4420289043839750e+01
 1.4491689647768093e+01
 1.4563090251696435e+01
 1.4634490855624778e+01
 1.4705891459553120e+01
 1.4777292063481463e+01
 1.4848692667409804e+01
 1.4920093271338146e+01
 1.4991493875266489e+01
 1.5062894479194831e+01
 1.5134295083123174e+01
 1.5205695687051517e+01
 1.5277096290979859e+01
 1.5348496894908200e+01
 1.5419897498836542e+01
 1.5491298102764885e+01
 1.5562698706693228e+01
 1.5634099310621570e+01
 1.5705499914549913e+01
 1.5776900518478255e+01
 1.5848301122406596e+01
 1.5919701726334939e+01
 1.5991102330263281e+01
 1.6062502934191624e+01
 1.6133903538119966e+01
 1.6205304142048309e+01
 1.6276704745976652e+01
 1.6348105349904994e+01
 1.6419505953833337e+01
 1.6490906557761679e+01
 1.6562307161690022e+01
 1.6633707765618361e+01
 1.6705108369546704e+01
 1.6776508973475046e+01
 1.6847909577403389e+01
 1.6919310181331731e+01
 1.6990710785260074e+01
 1.7062111389188416e+01
 1.7133511993116759e+01
 1.7204912597045102e+01
 1.7276313200973444e+01
 1.7347713804901787e+01
 1.7419114408830129e+01
 1.7490515012758472e+01
 1.7561915616686814e+01
 1.7633316220615153e+01
 1.7704716824543496e+01
 1.7776117428471839e+01
 1.7847518032400181e+01
 1.7918918636328524e+01
 1.7990319240256866e+01
 1.8061719844185209e+01
 1.8133120448113552e+01
 1.8204521052041894e+01
 1.8275921655970237e+01
 1.8347322259898579e+01
 1.8418722863826922e+01
 1.8490123467755264e+01
 1.8561524071683607e+01
 1.8632924675611950e+01
 1.8704325279540289e+01
 1.8775725883468631e+01
 1.8847126487396974e+01
 1.8918527091325316e+01
 1.8989927695253659e+01
 1.9061328299182001e+01
 1.9132728903110344e+01
 1.9204129507038687e+01
 1.9275530110967029e+01
 1.9346930714895372e+01
 1.9418331318823714e+01
 1.9489731922752057e+01
 1.9561132526680399e+01
 1.9632533130608742e+01
 1.9703933734537081e+01
 1.9775334338465424e+01
 1.9846734942393766e+01
 1.9918135546322109e+01
 1.9989536150250451e+01
 2.0060936754178794e+01
 2.0132337358107137e+01
 2.0203737962035479e+01
 2.0275138565963822e+01
 2.0346539169892164e+01
 2.0417939773820507e+01
 2.0489340377748849e+01
 2.0560740981677192e+01
 2.0632141585605535e+01
 2.0703542189533874e+01
 2.0774942793462216e+01
 2.0846343397390559e+01
 2.0917744001318901e+01
 2.0989144605247244e+01
 2.1060545209175586e+01
 2.1131945813103929e+01
 2.1203346417032272e+01
 2.1274747020960614e+01
 2.1346147624888957e+01
 2.1417548228817299e+01
 2.1488948832745642e+01
 2.1560349436673985e+01
 2.1631750040602327e+01
 2.1703150644530666e+01
 2.1774551248459009e+01
 2.1845951852387351e+01
 2.1917352456315694e+01
 2.1988753060244036e+01
 2.2060153664172379e+01
 2.2131554268100722e+01
 2.2202954872029064e+01
 2.2274355475957407e+01
 2.2345756079885749e+01
 2.2417156683814092e+01
 2.2488557287742434e+01
 2.2559957891670777e+01
 2.2631358495599120e+01
 2.2702759099527462e+01
 2.2774159703455801e+01
 2.2845560307384144e+01
 2.2916960911312486e+01
 2.2988361515240829e+01
 2.3059762119169172e+01
 2.3131162723097514e+01
 2.3202563327025857e+01
