# Created by Physics and Images Processing Group 
# name: Abs
# type: matrix
# rows: 500
# columns: 1
 -1.1831972244667668e+01
 -1.1768188588157587e+01
 -1.1704404931647506e+01
 -1.1640621275137425e+01
 -1.1576837618627344e+01
 -1.1513053962117262e+01
 -1.1449270305607181e+01
 -1.1385486649097100e+01
 -1.1321702992587019e+01
 -1.1257919336076938e+01
 -1.1194135679566857e+01
 -1.1130352023056776e+01
 -1.1066568366546695e+01
 -1.1002784710036615e+01
 -1.0939001053526534e+01
 -1.0875217397016453e+01
 -1.0811433740506370e+01
 -1.0747650083996289e+01
 -1.0683866427486208e+01
 -1.0620082770976127e+01
 -1.0556299114466047e+01
 -1.0492515457955966e+01
 -1.0428731801445885e+01
 -1.0364948144935804e+01
 -1.0301164488425723e+01
 -1.0237380831915640e+01
 -1.0173597175405559e+01
 -1.0109813518895479e+01
 -1.0046029862385398e+01
 -9.9822462058753167e+00
 -9.9184625493652359e+00
 -9.8546788928551550e+00
 -9.7908952363450741e+00
 -9.7271115798349932e+00
 -9.6633279233249105e+00
 -9.5995442668148314e+00
 -9.5357606103047488e+00
 -9.4719769537946679e+00
 -9.4081932972845870e+00
 -9.3444096407745061e+00
 -9.2806259842644252e+00
 -9.2168423277543443e+00
 -9.1530586712442634e+00
 -9.0892750147341825e+00
 -9.0254913582241016e+00
 -8.9617077017140190e+00
 -8.8979240452039381e+00
 -8.8341403886938572e+00
 -8.7703567321837763e+00
 -8.7065730756736954e+00
 -8.6427894191636145e+00
 -8.5790057626535337e+00
 -8.5152221061434528e+00
 -8.4514384496333719e+00
 -8.3876547931232892e+00
 -8.3238711366132101e+00
 -8.2600874801031274e+00
 -8.1963038235930465e+00
 -8.1325201670829657e+00
 -8.0687365105728848e+00
 -8.0049528540628039e+00
 -7.9411691975527230e+00
 -7.8773855410426421e+00
 -7.8136018845325603e+00
 -7.7498182280224794e+00
 -7.6860345715123985e+00
 -7.6222509150023177e+00
 -7.5584672584922359e+00
 -7.4946836019821550e+00
 -7.4308999454720741e+00
 -7.3671162889619932e+00
 -7.3033326324519123e+00
 -7.2395489759418306e+00
 -7.1757653194317497e+00
 -7.1119816629216688e+00
 -7.0481980064115879e+00
 -6.9844143499015070e+00
 -6.9206306933914252e+00
 -6.8568470368813443e+00
 -6.7930633803712634e+00
 -6.7292797238611826e+00
 -6.6654960673511017e+00
 -6.6017124108410199e+00
 -6.5379287543309390e+00
 -6.4741450978208581e+00
 -6.4103614413107772e+00
 -6.3465777848006963e+00
 -6.2827941282906146e+00
 -6.2190104717805337e+00
 -6.1552268152704528e+00
 -6.0914431587603719e+00
 -6.0276595022502910e+00
 -5.9638758457402092e+00
 -5.9000921892301283e+00
 -5.8363085327200475e+00
 -5.7725248762099666e+00
 -5.7087412196998848e+00
 -5.6449575631898039e+00
 -5.5811739066797230e+00
 -5.5173902501696421e+00
 -5.4536065936595612e+00
 -5.3898229371494795e+00
 -5.3260392806393986e+00
 -5.2622556241293177e+00
 -5.1984719676192368e+00
 -5.1346883111091559e+00
 -5.0709046545990741e+00
 -5.0071209980889932e+00
 -4.9433373415789124e+00
 -4.8795536850688315e+00
 -4.8157700285587506e+00
 -4.7519863720486688e+00
 -4.6882027155385879e+00
 -4.6244190590285070e+00
 -4.5606354025184261e+00
 -4.4968517460083453e+00
 -4.4330680894982635e+00
 -4.3692844329881826e+00
 -4.3055007764781017e+00
 -4.2417171199680208e+00
 -4.1779334634579399e+00
 -4.1141498069478581e+00
 -4.0503661504377773e+00
 -3.9865824939276964e+00
 -3.9227988374176155e+00
 -3.8590151809075346e+00
 -3.7952315243974528e+00
 -3.7314478678873719e+00
 -3.6676642113772910e+00
 -3.6038805548672102e+00
 -3.5400968983571293e+00
 -3.4763132418470484e+00
 -3.4125295853369675e+00
 -3.3487459288268848e+00
 -3.2849622723168039e+00
 -3.2211786158067230e+00
 -3.1573949592966422e+00
 -3.0936113027865613e+00
 -3.0298276462764804e+00
 -2.9660439897663995e+00
 -2.9022603332563186e+00
 -2.8384766767462377e+00
 -2.7746930202361568e+00
 -2.7109093637260742e+00
 -2.6471257072159933e+00
 -2.5833420507059124e+00
 -2.5195583941958315e+00
 -2.4557747376857506e+00
 -2.3919910811756697e+00
 -2.3282074246655888e+00
 -2.2644237681555079e+00
 -2.2006401116454271e+00
 -2.1368564551353462e+00
 -2.0730727986252635e+00
 -2.0092891421151826e+00
 -1.9455054856051017e+00
 -1.8817218290950208e+00
 -1.8179381725849399e+00
 -1.7541545160748591e+00
 -1.6903708595647782e+00
 -1.6265872030546973e+00
 -1.5628035465446164e+00
 -1.4990198900345355e+00
 -1.4352362335244528e+00
 -1.3714525770143720e+00
 -1.3076689205042911e+00
 -1.2438852639942102e+00
 -1.1801016074841293e+00
 -1.1163179509740484e+00
 -1.0525342944639675e+00
 -9.8875063795388662e-01
 -9.2496698144380574e-01
 -8.6118332493372485e-01
 -7.9739966842364218e-01
 -7.3361601191356129e-01
 -6.6983235540348041e-01
 -6.0604869889339952e-01
 -5.4226504238331863e-01
 -4.7848138587323774e-01
 -4.1469772936315685e-01
 -3.5091407285307596e-01
 -2.8713041634299508e-01
 -2.2334675983291419e-01
 -1.5956310332283152e-01
 -9.5779446812750635e-02
 -3.1995790302669747e-02
 3.1787866207411142e-02
 9.5571522717492030e-02
 1.5935517922757292e-01
 2.2313883573765381e-01
 2.8692249224773470e-01
 3.5070614875781558e-01
 4.1448980526789825e-01
 4.7827346177797914e-01
 5.4205711828806002e-01
 6.0584077479814091e-01
 6.6962443130822180e-01
 7.3340808781830269e-01
 7.9719174432838358e-01
 8.6097540083846447e-01
 9.2475905734854535e-01
 9.8854271385862624e-01
 1.0523263703687089e+00
 1.1161100268787898e+00
 1.1798936833888707e+00
 1.2436773398989516e+00
 1.3074609964090325e+00
 1.3712446529191133e+00
 1.4350283094291942e+00
 1.4988119659392751e+00
 1.5625956224493560e+00
 1.6263792789594369e+00
 1.6901629354695196e+00
 1.7539465919796005e+00
 1.8177302484896813e+00
 1.8815139049997622e+00
 1.9452975615098431e+00
 2.0090812180199240e+00
 2.0728648745300049e+00
 2.1366485310400858e+00
 2.2004321875501667e+00
 2.2642158440602476e+00
 2.3279995005703302e+00
 2.3917831570804111e+00
 2.4555668135904920e+00
 2.5193504701005729e+00
 2.5831341266106538e+00
 2.6469177831207347e+00
 2.7107014396308156e+00
 2.7744850961408964e+00
 2.8382687526509773e+00
 2.9020524091610582e+00
 2.9658360656711409e+00
 3.0296197221812218e+00
 3.0934033786913027e+00
 3.1571870352013836e+00
 3.2209706917114644e+00
 3.2847543482215453e+00
 3.3485380047316262e+00
 3.4123216612417071e+00
 3.4761053177517880e+00
 3.5398889742618689e+00
 3.6036726307719515e+00
 3.6674562872820324e+00
 3.7312399437921133e+00
 3.7950236003021942e+00
 3.8588072568122751e+00
 3.9225909133223560e+00
 3.9863745698324369e+00
 4.0501582263425178e+00
 4.1139418828525987e+00
 4.1777255393626795e+00
 4.2415091958727622e+00
 4.3052928523828413e+00
 4.3690765088929240e+00
 4.4328601654030031e+00
 4.4966438219130858e+00
 4.5604274784231684e+00
 4.6242111349332475e+00
 4.6879947914433302e+00
 4.7517784479534093e+00
 4.8155621044634920e+00
 4.8793457609735711e+00
 4.9431294174836538e+00
 5.0069130739937329e+00
 5.0706967305038155e+00
 5.1344803870138982e+00
 5.1982640435239773e+00
 5.2620477000340600e+00
 5.3258313565441391e+00
 5.3896150130542217e+00
 5.4533986695643009e+00
 5.5171823260743835e+00
 5.5809659825844626e+00
 5.6447496390945453e+00
 5.7085332956046244e+00
 5.7723169521147071e+00
 5.8361006086247897e+00
 5.8998842651348689e+00
 5.9636679216449515e+00
 6.0274515781550306e+00
 6.0912352346651133e+00
 6.1550188911751924e+00
 6.2188025476852751e+00
 6.2825862041953542e+00
 6.3463698607054368e+00
 6.4101535172155195e+00
 6.4739371737255986e+00
 6.5377208302356813e+00
 6.6015044867457604e+00
 6.6652881432558431e+00
 6.7290717997659222e+00
 6.7928554562760048e+00
 6.8566391127860840e+00
 6.9204227692961666e+00
 6.9842064258062457e+00
 7.0479900823163284e+00
 7.1117737388264111e+00
 7.1755573953364902e+00
 7.2393410518465728e+00
 7.3031247083566520e+00
 7.3669083648667346e+00
 7.4306920213768137e+00
 7.4944756778868964e+00
 7.5582593343969755e+00
 7.6220429909070582e+00
 7.6858266474171408e+00
 7.7496103039272199e+00
 7.8133939604373026e+00
 7.8771776169473817e+00
 7.9409612734574644e+00
 8.0047449299675435e+00
 8.0685285864776262e+00
 8.1323122429877053e+00
 8.1960958994977879e+00
 8.2598795560078671e+00
 8.3236632125179497e+00
 8.3874468690280324e+00
 8.4512305255381115e+00
 8.5150141820481942e+00
 8.5787978385582733e+00
