# Created by Physics and Images Processing Group 
# name: Abs
# type: matrix
# rows: 500
# columns: 1
 -6.4155302591539112e+00
 -6.3589422121067996e+00
 -6.3023541650596879e+00
 -6.2457661180125763e+00
 -6.1891780709654647e+00
 -6.1325900239183531e+00
 -6.0760019768712414e+00
 -6.0194139298241307e+00
 -5.9628258827770191e+00
 -5.9062378357299075e+00
 -5.8496497886827958e+00
 -5.7930617416356842e+00
 -5.7364736945885726e+00
 -5.6798856475414610e+00
 -5.6232976004943493e+00
 -5.5667095534472377e+00
 -5.5101215064001261e+00
 -5.4535334593530145e+00
 -5.3969454123059029e+00
 -5.3403573652587912e+00
 -5.2837693182116805e+00
 -5.2271812711645680e+00
 -5.1705932241174573e+00
 -5.1140051770703447e+00
 -5.0574171300232340e+00
 -5.0008290829761224e+00
 -4.9442410359290108e+00
 -4.8876529888818991e+00
 -4.8310649418347875e+00
 -4.7744768947876759e+00
 -4.7178888477405643e+00
 -4.6613008006934527e+00
 -4.6047127536463410e+00
 -4.5481247065992294e+00
 -4.4915366595521178e+00
 -4.4349486125050070e+00
 -4.3783605654578945e+00
 -4.3217725184107838e+00
 -4.2651844713636713e+00
 -4.2085964243165606e+00
 -4.1520083772694489e+00
 -4.0954203302223373e+00
 -4.0388322831752257e+00
 -3.9822442361281141e+00
 -3.9256561890810024e+00
 -3.8690681420338908e+00
 -3.8124800949867792e+00
 -3.7558920479396680e+00
 -3.6993040008925564e+00
 -3.6427159538454448e+00
 -3.5861279067983332e+00
 -3.5295398597512215e+00
 -3.4729518127041099e+00
 -3.4163637656569983e+00
 -3.3597757186098871e+00
 -3.3031876715627755e+00
 -3.2465996245156639e+00
 -3.1900115774685522e+00
 -3.1334235304214406e+00
 -3.0768354833743290e+00
 -3.0202474363272174e+00
 -2.9636593892801062e+00
 -2.9070713422329946e+00
 -2.8504832951858829e+00
 -2.7938952481387713e+00
 -2.7373072010916597e+00
 -2.6807191540445481e+00
 -2.6241311069974365e+00
 -2.5675430599503253e+00
 -2.5109550129032137e+00
 -2.4543669658561020e+00
 -2.3977789188089904e+00
 -2.3411908717618788e+00
 -2.2846028247147672e+00
 -2.2280147776676555e+00
 -2.1714267306205439e+00
 -2.1148386835734323e+00
 -2.0582506365263207e+00
 -2.0016625894792091e+00
 -1.9450745424320983e+00
 -1.8884864953849867e+00
 -1.8318984483378751e+00
 -1.7753104012907635e+00
 -1.7187223542436518e+00
 -1.6621343071965402e+00
 -1.6055462601494286e+00
 -1.5489582131023170e+00
 -1.4923701660552053e+00
 -1.4357821190080937e+00
 -1.3791940719609821e+00
 -1.3226060249138705e+00
 -1.2660179778667588e+00
 -1.2094299308196472e+00
 -1.1528418837725365e+00
 -1.0962538367254249e+00
 -1.0396657896783132e+00
 -9.8307774263120162e-01
 -9.2648969558409000e-01
 -8.6990164853697838e-01
 -8.1331360148986676e-01
 -7.5672555444275513e-01
 -7.0013750739564351e-01
 -6.4354946034853189e-01
 -5.8696141330142027e-01
 -5.3037336625430864e-01
 -4.7378531920719702e-01
 -4.1719727216008540e-01
 -3.6060922511297466e-01
 -3.0402117806586304e-01
 -2.4743313101875142e-01
 -1.9084508397163980e-01
 -1.3425703692452817e-01
 -7.7668989877416550e-02
 -2.1080942830304927e-02
 3.5507104216806695e-02
 9.2095151263918318e-02
 1.4868319831102994e-01
 2.0527124535814156e-01
 2.6185929240525319e-01
 3.1844733945236481e-01
 3.7503538649947643e-01
 4.3162343354658717e-01
 4.8821148059369879e-01
 5.4479952764081041e-01
 6.0138757468792203e-01
 6.5797562173503366e-01
 7.1456366878214528e-01
 7.7115171582925690e-01
 8.2773976287636852e-01
 8.8432780992348015e-01
 9.4091585697059177e-01
 9.9750390401770339e-01
 1.0540919510648150e+00
 1.1106799981119266e+00
 1.1672680451590383e+00
 1.2238560922061499e+00
 1.2804441392532606e+00
 1.3370321863003722e+00
 1.3936202333474839e+00
 1.4502082803945955e+00
 1.5067963274417071e+00
 1.5633843744888187e+00
 1.6199724215359304e+00
 1.6765604685830411e+00
 1.7331485156301536e+00
 1.7897365626772643e+00
 1.8463246097243768e+00
 1.9029126567714876e+00
 1.9595007038186001e+00
 2.0160887508657108e+00
 2.0726767979128233e+00
 2.1292648449599341e+00
 2.1858528920070466e+00
 2.2424409390541573e+00
 2.2990289861012698e+00
 2.3556170331483806e+00
 2.4122050801954931e+00
 2.4687931272426038e+00
 2.5253811742897145e+00
 2.5819692213368270e+00
 2.6385572683839378e+00
 2.6951453154310503e+00
 2.7517333624781610e+00
 2.8083214095252735e+00
 2.8649094565723843e+00
 2.9214975036194968e+00
 2.9780855506666075e+00
 3.0346735977137200e+00
 3.0912616447608308e+00
 3.1478496918079433e+00
 3.2044377388550540e+00
 3.2610257859021647e+00
 3.3176138329492773e+00
 3.3742018799963880e+00
 3.4307899270435005e+00
 3.4873779740906112e+00
 3.5439660211377237e+00
 3.6005540681848345e+00
 3.6571421152319470e+00
 3.7137301622790577e+00
 3.7703182093261702e+00
 3.8269062563732810e+00
 3.8834943034203935e+00
 3.9400823504675042e+00
 3.9966703975146167e+00
 4.0532584445617275e+00
 4.1098464916088382e+00
 4.1664345386559507e+00
 4.2230225857030614e+00
 4.2796106327501739e+00
 4.3361986797972847e+00
 4.3927867268443972e+00
 4.4493747738915079e+00
 4.5059628209386204e+00
 4.5625508679857312e+00
 4.6191389150328437e+00
 4.6757269620799544e+00
 4.7323150091270669e+00
 4.7889030561741777e+00
 4.8454911032212902e+00
 4.9020791502684009e+00
 4.9586671973155116e+00
 5.0152552443626242e+00
 5.0718432914097349e+00
 5.1284313384568474e+00
 5.1850193855039581e+00
 5.2416074325510706e+00
 5.2981954795981814e+00
 5.3547835266452939e+00
 5.4113715736924046e+00
 5.4679596207395171e+00
 5.5245476677866279e+00
 5.5811357148337404e+00
 5.6377237618808511e+00
 5.6943118089279618e+00
 5.7508998559750744e+00
 5.8074879030221851e+00
 5.8640759500692976e+00
 5.9206639971164083e+00
 5.9772520441635208e+00
 6.0338400912106316e+00
 6.0904281382577441e+00
 6.1470161853048548e+00
 6.2036042323519673e+00
 6.2601922793990781e+00
 6.3167803264461906e+00
 6.3733683734933013e+00
 6.4299564205404138e+00
 6.4865444675875246e+00
 6.5431325146346353e+00
 6.5997205616817478e+00
 6.6563086087288585e+00
 6.7128966557759711e+00
 6.7694847028230818e+00
 6.8260727498701943e+00
 6.8826607969173050e+00
 6.9392488439644175e+00
 6.9958368910115283e+00
 7.0524249380586408e+00
 7.1090129851057515e+00
 7.1656010321528640e+00
 7.2221890791999748e+00
 7.2787771262470855e+00
 7.3353651732941980e+00
 7.3919532203413088e+00
 7.4485412673884213e+00
 7.5051293144355320e+00
 7.5617173614826445e+00
 7.6183054085297552e+00
 7.6748934555768678e+00
 7.7314815026239785e+00
 7.7880695496710910e+00
 7.8446575967182017e+00
 7.9012456437653142e+00
 7.9578336908124250e+00
 8.0144217378595375e+00
 8.0710097849066482e+00
 8.1275978319537590e+00
 8.1841858790008715e+00
 8.2407739260479822e+00
 8.2973619730950947e+00
 8.3539500201422054e+00
 8.4105380671893180e+00
 8.4671261142364287e+00
 8.5237141612835412e+00
 8.5803022083306519e+00
 8.6368902553777644e+00
 8.6934783024248752e+00
 8.7500663494719877e+00
 8.8066543965190984e+00
 8.8632424435662109e+00
 8.9198304906133217e+00
 8.9764185376604324e+00
 9.0330065847075449e+00
 9.0895946317546557e+00
 9.1461826788017682e+00
 9.2027707258488789e+00
 9.2593587728959914e+00
 9.3159468199431021e+00
 9.3725348669902147e+00
 9.4291229140373254e+00
 9.4857109610844379e+00
 9.5422990081315486e+00
 9.5988870551786611e+00
 9.6554751022257719e+00
 9.7120631492728826e+00
 9.7686511963199933e+00
 9.8252392433671076e+00
 9.8818272904142184e+00
 9.9384153374613291e+00
 9.9950033845084398e+00
 1.0051591431555554e+01
 1.0108179478602665e+01
 1.0164767525649776e+01
 1.0221355572696886e+01
 1.0277943619744001e+01
 1.0334531666791111e+01
 1.0391119713838222e+01
 1.0447707760885333e+01
 1.0504295807932444e+01
 1.0560883854979558e+01
 1.0617471902026669e+01
 1.0674059949073779e+01
 1.0730647996120890e+01
 1.0787236043168004e+01
 1.0843824090215115e+01
 1.0900412137262226e+01
 1.0957000184309337e+01
 1.1013588231356451e+01
 1.1070176278403562e+01
 1.1126764325450672e+01
 1.1183352372497783e+01
 1.1239940419544897e+01
 1.1296528466592008e+01
 1.1353116513639119e+01
 1.1409704560686230e+01
 1.1466292607733340e+01
 1.1522880654780455e+01
 1.1579468701827565e+01
 1.1636056748874676e+01
 1.1692644795921787e+01
 1.1749232842968901e+01
 1.1805820890016012e+01
 1.1862408937063122e+01
