# Created by Physics and Images Processing Group 
# name: Abs
# type: matrix
# rows: 500
# columns: 1
 -4.3145558282343572e+01
 -4.2978549836022815e+01
 -4.2811541389702050e+01
 -4.2644532943381293e+01
 -4.2477524497060529e+01
 -4.2310516050739771e+01
 -4.2143507604419007e+01
 -4.1976499158098250e+01
 -4.1809490711777485e+01
 -4.1642482265456728e+01
 -4.1475473819135964e+01
 -4.1308465372815206e+01
 -4.1141456926494442e+01
 -4.0974448480173685e+01
 -4.0807440033852927e+01
 -4.0640431587532163e+01
 -4.0473423141211406e+01
 -4.0306414694890641e+01
 -4.0139406248569884e+01
 -3.9972397802249120e+01
 -3.9805389355928362e+01
 -3.9638380909607598e+01
 -3.9471372463286841e+01
 -3.9304364016966076e+01
 -3.9137355570645319e+01
 -3.8970347124324554e+01
 -3.8803338678003797e+01
 -3.8636330231683033e+01
 -3.8469321785362276e+01
 -3.8302313339041518e+01
 -3.8135304892720754e+01
 -3.7968296446399997e+01
 -3.7801288000079232e+01
 -3.7634279553758475e+01
 -3.7467271107437710e+01
 -3.7300262661116953e+01
 -3.7133254214796189e+01
 -3.6966245768475432e+01
 -3.6799237322154667e+01
 -3.6632228875833910e+01
 -3.6465220429513145e+01
 -3.6298211983192388e+01
 -3.6131203536871624e+01
 -3.5964195090550866e+01
 -3.5797186644230109e+01
 -3.5630178197909345e+01
 -3.5463169751588588e+01
 -3.5296161305267823e+01
 -3.5129152858947066e+01
 -3.4962144412626301e+01
 -3.4795135966305544e+01
 -3.4628127519984780e+01
 -3.4461119073664022e+01
 -3.4294110627343258e+01
 -3.4127102181022501e+01
 -3.3960093734701744e+01
 -3.3793085288380979e+01
 -3.3626076842060215e+01
 -3.3459068395739457e+01
 -3.3292059949418700e+01
 -3.3125051503097936e+01
 -3.2958043056777178e+01
 -3.2791034610456414e+01
 -3.2624026164135657e+01
 -3.2457017717814892e+01
 -3.2290009271494135e+01
 -3.2123000825173371e+01
 -3.1955992378852613e+01
 -3.1788983932531853e+01
 -3.1621975486211092e+01
 -3.1454967039890331e+01
 -3.1287958593569570e+01
 -3.1120950147248809e+01
 -3.0953941700928048e+01
 -3.0786933254607288e+01
 -3.0619924808286527e+01
 -3.0452916361965769e+01
 -3.0285907915645005e+01
 -3.0118899469324248e+01
 -2.9951891023003483e+01
 -2.9784882576682726e+01
 -2.9617874130361962e+01
 -2.9450865684041204e+01
 -2.9283857237720444e+01
 -2.9116848791399683e+01
 -2.8949840345078922e+01
 -2.8782831898758161e+01
 -2.8615823452437400e+01
 -2.8448815006116639e+01
 -2.8281806559795882e+01
 -2.8114798113475118e+01
 -2.7947789667154360e+01
 -2.7780781220833596e+01
 -2.7613772774512839e+01
 -2.7446764328192074e+01
 -2.7279755881871317e+01
 -2.7112747435550556e+01
 -2.6945738989229795e+01
 -2.6778730542909035e+01
 -2.6611722096588274e+01
 -2.6444713650267513e+01
 -2.6277705203946752e+01
 -2.6110696757625991e+01
 -2.5943688311305230e+01
 -2.5776679864984470e+01
 -2.5609671418663709e+01
 -2.5442662972342948e+01
 -2.5275654526022191e+01
 -2.5108646079701430e+01
 -2.4941637633380669e+01
 -2.4774629187059908e+01
 -2.4607620740739147e+01
 -2.4440612294418386e+01
 -2.4273603848097626e+01
 -2.4106595401776865e+01
 -2.3939586955456104e+01
 -2.3772578509135343e+01
 -2.3605570062814582e+01
 -2.3438561616493821e+01
 -2.3271553170173060e+01
 -2.3104544723852300e+01
 -2.2937536277531542e+01
 -2.2770527831210781e+01
 -2.2603519384890021e+01
 -2.2436510938569260e+01
 -2.2269502492248499e+01
 -2.2102494045927738e+01
 -2.1935485599606977e+01
 -2.1768477153286216e+01
 -2.1601468706965456e+01
 -2.1434460260644695e+01
 -2.1267451814323934e+01
 -2.1100443368003173e+01
 -2.0933434921682412e+01
 -2.0766426475361651e+01
 -2.0599418029040891e+01
 -2.0432409582720133e+01
 -2.0265401136399372e+01
 -2.0098392690078612e+01
 -1.9931384243757851e+01
 -1.9764375797437090e+01
 -1.9597367351116329e+01
 -1.9430358904795568e+01
 -1.9263350458474807e+01
 -1.9096342012154047e+01
 -1.8929333565833286e+01
 -1.8762325119512525e+01
 -1.8595316673191764e+01
 -1.8428308226871003e+01
 -1.8261299780550242e+01
 -1.8094291334229485e+01
 -1.7927282887908724e+01
 -1.7760274441587963e+01
 -1.7593265995267203e+01
 -1.7426257548946442e+01
 -1.7259249102625681e+01
 -1.7092240656304920e+01
 -1.6925232209984159e+01
 -1.6758223763663398e+01
 -1.6591215317342638e+01
 -1.6424206871021877e+01
 -1.6257198424701116e+01
 -1.6090189978380355e+01
 -1.5923181532059594e+01
 -1.5756173085738837e+01
 -1.5589164639418076e+01
 -1.5422156193097315e+01
 -1.5255147746776554e+01
 -1.5088139300455794e+01
 -1.4921130854135033e+01
 -1.4754122407814272e+01
 -1.4587113961493511e+01
 -1.4420105515172750e+01
 -1.4253097068851989e+01
 -1.4086088622531229e+01
 -1.3919080176210468e+01
 -1.3752071729889707e+01
 -1.3585063283568946e+01
 -1.3418054837248189e+01
 -1.3251046390927428e+01
 -1.3084037944606667e+01
 -1.2917029498285906e+01
 -1.2750021051965145e+01
 -1.2583012605644385e+01
 -1.2416004159323624e+01
 -1.2248995713002863e+01
 -1.2081987266682102e+01
 -1.1914978820361341e+01
 -1.1747970374040580e+01
 -1.1580961927719819e+01
 -1.1413953481399059e+01
 -1.1246945035078298e+01
 -1.1079936588757541e+01
 -1.0912928142436776e+01
 -1.0745919696116019e+01
 -1.0578911249795254e+01
 -1.0411902803474497e+01
 -1.0244894357153733e+01
 -1.0077885910832975e+01
 -9.9108774645122111e+00
 -9.7438690181914538e+00
 -9.5768605718706965e+00
 -9.4098521255499321e+00
 -9.2428436792291748e+00
 -9.0758352329084104e+00
 -8.9088267865876531e+00
 -8.7418183402668888e+00
 -8.5748098939461315e+00
 -8.4078014476253671e+00
 -8.2407930013046098e+00
 -8.0737845549838454e+00
 -7.9067761086630881e+00
 -7.7397676623423237e+00
 -7.5727592160215664e+00
 -7.4057507697008091e+00
 -7.2387423233800448e+00
 -7.0717338770592875e+00
 -6.9047254307385231e+00
 -6.7377169844177658e+00
 -6.5707085380970014e+00
 -6.4037000917762441e+00
 -6.2366916454554797e+00
 -6.0696831991347224e+00
 -5.9026747528139580e+00
 -5.7356663064932008e+00
 -5.5686578601724364e+00
 -5.4016494138516791e+00
 -5.2346409675309147e+00
 -5.0676325212101574e+00
 -4.9006240748894001e+00
 -4.7336156285686357e+00
 -4.5666071822478784e+00
 -4.3995987359271140e+00
 -4.2325902896063567e+00
 -4.0655818432855924e+00
 -3.8985733969648351e+00
 -3.7315649506440707e+00
 -3.5645565043233134e+00
 -3.3975480580025490e+00
 -3.2305396116817917e+00
 -3.0635311653610273e+00
 -2.8965227190402700e+00
 -2.7295142727195127e+00
 -2.5625058263987484e+00
 -2.3954973800779911e+00
 -2.2284889337572267e+00
 -2.0614804874364694e+00
 -1.8944720411157050e+00
 -1.7274635947949477e+00
 -1.5604551484741833e+00
 -1.3934467021534260e+00
 -1.2264382558326616e+00
 -1.0594298095119044e+00
 -8.9242136319113996e-01
 -7.2541291687038267e-01
 -5.5840447054961828e-01
 -3.9139602422886099e-01
 -2.2438757790810371e-01
 -5.7379131587339316e-02
 1.0962931473341797e-01
 2.7663776105418236e-01
 4.4364620737493965e-01
 6.1065465369570404e-01
 7.7766310001646133e-01
 9.4467154633722572e-01
 1.1116799926579830e+00
 1.2786884389787474e+00
 1.4456968852995047e+00
 1.6127053316202691e+00
 1.7797137779410264e+00
 1.9467222242617908e+00
 2.1137306705825480e+00
 2.2807391169033053e+00
 2.4477475632240697e+00
 2.6147560095448270e+00
 2.7817644558655914e+00
 2.9487729021863487e+00
 3.1157813485071131e+00
 3.2827897948278704e+00
 3.4497982411486348e+00
 3.6168066874693920e+00
 3.7838151337901564e+00
 3.9508235801109137e+00
 4.1178320264316781e+00
 4.2848404727524354e+00
 4.4518489190731927e+00
 4.6188573653939571e+00
 4.7858658117147144e+00
 4.9528742580354788e+00
 5.1198827043562360e+00
 5.2868911506770004e+00
 5.4538995969977577e+00
 5.6209080433185221e+00
 5.7879164896392794e+00
 5.9549249359600438e+00
 6.1219333822808011e+00
 6.2889418286015655e+00
 6.4559502749223228e+00
 6.6229587212430872e+00
 6.7899671675638444e+00
 6.9569756138846017e+00
 7.1239840602053661e+00
 7.2909925065261234e+00
 7.4580009528468878e+00
 7.6250093991676451e+00
 7.7920178454884095e+00
 7.9590262918091668e+00
 8.1260347381299312e+00
 8.2930431844506884e+00
 8.4600516307714528e+00
 8.6270600770922101e+00
 8.7940685234129745e+00
 8.9610769697337318e+00
 9.1280854160544891e+00
 9.2950938623752535e+00
 9.4621023086960108e+00
 9.6291107550167752e+00
 9.7961192013375324e+00
