# Created by Physics and Images Processing Group 
# name: Abs
# type: matrix
# rows: 100
# columns: 1
 -8.9154203771795437e-01
 -1.4828996099160574e-01
 5.9496211573474289e-01
 1.3382141924610913e+00
 2.0814662691874402e+00
 2.8247183459137890e+00
 3.5679704226401370e+00
 4.3112224993664858e+00
 5.0544745760928347e+00
 5.7977266528191835e+00
 6.5409787295455324e+00
 7.2842308062718804e+00
 8.0274828829982283e+00
 8.7707349597245781e+00
 9.5139870364509260e+00
 1.0257239113177276e+01
 1.1000491189903624e+01
 1.1743743266629972e+01
 1.2486995343356321e+01
 1.3230247420082669e+01
 1.3973499496809019e+01
 1.4716751573535367e+01
 1.5460003650261715e+01
 1.6203255726988065e+01
 1.6946507803714411e+01
 1.7689759880440761e+01
 1.8433011957167110e+01
 1.9176264033893460e+01
 1.9919516110619806e+01
 2.0662768187346156e+01
 2.1406020264072506e+01
 2.2149272340798852e+01
 2.2892524417525202e+01
 2.3635776494251552e+01
 2.4379028570977898e+01
 2.5122280647704248e+01
 2.5865532724430597e+01
 2.6608784801156943e+01
 2.7352036877883293e+01
 2.8095288954609643e+01
 2.8838541031335993e+01
 2.9581793108062339e+01
 3.0325045184788689e+01
 3.1068297261515038e+01
 3.1811549338241385e+01
 3.2554801414967734e+01
 3.3298053491694084e+01
 3.4041305568420434e+01
 3.4784557645146776e+01
 3.5527809721873126e+01
 3.6271061798599476e+01
 3.7014313875325826e+01
 3.7757565952052175e+01
 3.8500818028778525e+01
 3.9244070105504875e+01
 3.9987322182231217e+01
 4.0730574258957567e+01
 4.1473826335683917e+01
 4.2217078412410267e+01
 4.2960330489136616e+01
 4.3703582565862966e+01
 4.4446834642589309e+01
 4.5190086719315659e+01
 4.5933338796042008e+01
 4.6676590872768358e+01
 4.7419842949494708e+01
 4.8163095026221058e+01
 4.8906347102947407e+01
 4.9649599179673750e+01
 5.0392851256400100e+01
 5.1136103333126449e+01
 5.1879355409852799e+01
 5.2622607486579149e+01
 5.3365859563305499e+01
 5.4109111640031841e+01
 5.4852363716758191e+01
 5.5595615793484541e+01
 5.6338867870210890e+01
 5.7082119946937240e+01
 5.7825372023663590e+01
 5.8568624100389940e+01
 5.9311876177116282e+01
 6.0055128253842632e+01
 6.0798380330568982e+01
 6.1541632407295332e+01
 6.2284884484021681e+01
 6.3028136560748031e+01
 6.3771388637474374e+01
 6.4514640714200723e+01
 6.5257892790927073e+01
 6.6001144867653423e+01
 6.6744396944379773e+01
 6.7487649021106122e+01
 6.8230901097832472e+01
 6.8974153174558822e+01
 6.9717405251285172e+01
 7.0460657328011507e+01
 7.1203909404737857e+01
 7.1947161481464207e+01
 7.2690413558190556e+01
# name: Hist_H0
# type: matrix
# rows: 100
# columns: 1
 9.0000000000000000e+00
 5.0600000000000000e+02
 2.8900000000000000e+02
 1.0900000000000000e+02
 5.3000000000000000e+01
 2.1000000000000000e+01
 5.0000000000000000e+00
 5.0000000000000000e+00
 2.0000000000000000e+00
 0.0000000000000000e+00
 1.0000000000000000e+00
 0.0000000000000000e+00
 0.0000000000000000e+00
 0.0000000000000000e+00
 0.0000000000000000e+00
 0.0000000000000000e+00
 0.0000000000000000e+00
 0.0000000000000000e+00
 0.0000000000000000e+00
 0.0000000000000000e+00
 0.0000000000000000e+00
 0.0000000000000000e+00
 0.0000000000000000e+00
 0.0000000000000000e+00
 0.0000000000000000e+00
 0.0000000000000000e+00
 0.0000000000000000e+00
 0.0000000000000000e+00
 0.0000000000000000e+00
 0.0000000000000000e+00
 0.0000000000000000e+00
 0.0000000000000000e+00
 0.0000000000000000e+00
 0.0000000000000000e+00
 0.0000000000000000e+00
 0.0000000000000000e+00
 0.0000000000000000e+00
 0.0000000000000000e+00
 0.0000000000000000e+00
 0.0000000000000000e+00
 0.0000000000000000e+00
 0.0000000000000000e+00
 0.0000000000000000e+00
 0.0000000000000000e+00
 0.0000000000000000e+00
 0.0000000000000000e+00
 0.0000000000000000e+00
 0.0000000000000000e+00
 0.0000000000000000e+00
 0.0000000000000000e+00
 0.0000000000000000e+00
 0.0000000000000000e+00
 0.0000000000000000e+00
 0.0000000000000000e+00
 0.0000000000000000e+00
 0.0000000000000000e+00
 0.0000000000000000e+00
 0.0000000000000000e+00
 0.0000000000000000e+00
 0.0000000000000000e+00
 0.0000000000000000e+00
 0.0000000000000000e+00
 0.0000000000000000e+00
 0.0000000000000000e+00
 0.0000000000000000e+00
 0.0000000000000000e+00
 0.0000000000000000e+00
 0.0000000000000000e+00
 0.0000000000000000e+00
 0.0000000000000000e+00
 0.0000000000000000e+00
 0.0000000000000000e+00
 0.0000000000000000e+00
 0.0000000000000000e+00
 0.0000000000000000e+00
 0.0000000000000000e+00
 0.0000000000000000e+00
 0.0000000000000000e+00
 0.0000000000000000e+00
 0.0000000000000000e+00
 0.0000000000000000e+00
 0.0000000000000000e+00
 0.0000000000000000e+00
 0.0000000000000000e+00
 0.0000000000000000e+00
 0.0000000000000000e+00
 0.0000000000000000e+00
 0.0000000000000000e+00
 0.0000000000000000e+00
 0.0000000000000000e+00
 0.0000000000000000e+00
 0.0000000000000000e+00
 0.0000000000000000e+00
 0.0000000000000000e+00
 0.0000000000000000e+00
 0.0000000000000000e+00
 0.0000000000000000e+00
 0.0000000000000000e+00
 0.0000000000000000e+00
 0.0000000000000000e+00
# name: Hist_H1
# type: matrix
# rows: 100
# columns: 1
 0.0000000000000000e+00
 0.0000000000000000e+00
 0.0000000000000000e+00
 0.0000000000000000e+00
 0.0000000000000000e+00
 0.0000000000000000e+00
 0.0000000000000000e+00
 0.0000000000000000e+00
 0.0000000000000000e+00
 0.0000000000000000e+00
 0.0000000000000000e+00
 0.0000000000000000e+00
 1.0000000000000000e+00
 0.0000000000000000e+00
 3.0000000000000000e+00
 3.0000000000000000e+00
 1.0000000000000000e+00
 6.0000000000000000e+00
 3.0000000000000000e+00
 4.0000000000000000e+00
 5.0000000000000000e+00
 8.0000000000000000e+00
 1.1000000000000000e+01
 1.0000000000000000e+01
 1.3000000000000000e+01
 7.0000000000000000e+00
 2.3000000000000000e+01
 1.2000000000000000e+01
 1.3000000000000000e+01
 2.1000000000000000e+01
 2.2000000000000000e+01
 2.3000000000000000e+01
 1.6000000000000000e+01
 2.5000000000000000e+01
 2.5000000000000000e+01
 2.5000000000000000e+01
 2.6000000000000000e+01
 3.4000000000000000e+01
 3.0000000000000000e+01
 2.8000000000000000e+01
 2.0000000000000000e+01
 3.3000000000000000e+01
 2.3000000000000000e+01
 2.1000000000000000e+01
 3.0000000000000000e+01
 2.0000000000000000e+01
 3.1000000000000000e+01
 3.7000000000000000e+01
 2.0000000000000000e+01
 3.7000000000000000e+01
 2.1000000000000000e+01
 1.6000000000000000e+01
 2.0000000000000000e+01
 2.9000000000000000e+01
 1.8000000000000000e+01
 1.8000000000000000e+01
 3.1000000000000000e+01
 1.8000000000000000e+01
 2.0000000000000000e+01
 1.0000000000000000e+01
 1.3000000000000000e+01
 1.3000000000000000e+01
 1.1000000000000000e+01
 1.5000000000000000e+01
 1.0000000000000000e+01
 1.4000000000000000e+01
 5.0000000000000000e+00
 4.0000000000000000e+00
 4.0000000000000000e+00
 6.0000000000000000e+00
 7.0000000000000000e+00
 3.0000000000000000e+00
 3.0000000000000000e+00
 5.0000000000000000e+00
 2.0000000000000000e+00
 3.0000000000000000e+00
 1.0000000000000000e+00
 0.0000000000000000e+00
 1.0000000000000000e+00
 1.0000000000000000e+00
 2.0000000000000000e+00
 2.0000000000000000e+00
 1.0000000000000000e+00
 0.0000000000000000e+00
 1.0000000000000000e+00
 0.0000000000000000e+00
 0.0000000000000000e+00
 0.0000000000000000e+00
 0.0000000000000000e+00
 0.0000000000000000e+00
 0.0000000000000000e+00
 0.0000000000000000e+00
 0.0000000000000000e+00
 1.0000000000000000e+00
 0.0000000000000000e+00
 0.0000000000000000e+00
 0.0000000000000000e+00
 0.0000000000000000e+00
 0.0000000000000000e+00
 0.0000000000000000e+00
