# Created by Physics and Images Processing Group 
# name: Abs
# type: matrix
# rows: 100
# columns: 1
 -1.2687979844827169e-02
 8.9673654935238059e+00
 1.7947418966892439e+01
 2.6927472440261070e+01
 3.5907525913629705e+01
 4.4887579386998340e+01
 5.3867632860366967e+01
 6.2847686333735602e+01
 7.1827739807104237e+01
 8.0807793280472865e+01
 8.9787846753841507e+01
 9.8767900227210134e+01
 1.0774795370057876e+02
 1.1672800717394740e+02
 1.2570806064731603e+02
 1.3468811412068467e+02
 1.4366816759405330e+02
 1.5264822106742193e+02
 1.6162827454079056e+02
 1.7060832801415921e+02
 1.7958838148752784e+02
 1.8856843496089647e+02
 1.9754848843426510e+02
 2.0652854190763372e+02
 2.1550859538100235e+02
 2.2448864885437101e+02
 2.3346870232773963e+02
 2.4244875580110826e+02
 2.5142880927447689e+02
 2.6040886274784555e+02
 2.6938891622121417e+02
 2.7836896969458280e+02
 2.8734902316795143e+02
 2.9632907664132006e+02
 3.0530913011468868e+02
 3.1428918358805731e+02
 3.2326923706142594e+02
 3.3224929053479457e+02
 3.4122934400816325e+02
 3.5020939748153188e+02
 3.5918945095490051e+02
 3.6816950442826914e+02
 3.7714955790163776e+02
 3.8612961137500639e+02
 3.9510966484837502e+02
 4.0408971832174365e+02
 4.1306977179511227e+02
 4.2204982526848090e+02
 4.3102987874184953e+02
 4.4000993221521821e+02
 4.4898998568858684e+02
 4.5797003916195547e+02
 4.6695009263532410e+02
 4.7593014610869272e+02
 4.8491019958206135e+02
 4.9389025305542998e+02
 5.0287030652879861e+02
 5.1185036000216724e+02
 5.2083041347553592e+02
 5.2981046694890449e+02
 5.3879052042227318e+02
 5.4777057389564175e+02
 5.5675062736901043e+02
 5.6573068084237900e+02
 5.7471073431574769e+02
 5.8369078778911637e+02
 5.9267084126248494e+02
 6.0165089473585363e+02
 6.1063094820922220e+02
 6.1961100168259088e+02
 6.2859105515595945e+02
 6.3757110862932814e+02
 6.4655116210269671e+02
 6.5553121557606539e+02
 6.6451126904943396e+02
 6.7349132252280265e+02
 6.8247137599617133e+02
 6.9145142946953990e+02
 7.0043148294290859e+02
 7.0941153641627716e+02
 7.1839158988964584e+02
 7.2737164336301441e+02
 7.3635169683638310e+02
 7.4533175030975167e+02
 7.5431180378312035e+02
 7.6329185725648892e+02
 7.7227191072985761e+02
 7.8125196420322629e+02
 7.9023201767659486e+02
 7.9921207114996355e+02
 8.0819212462333212e+02
 8.1717217809670080e+02
 8.2615223157006938e+02
 8.3513228504343806e+02
 8.4411233851680663e+02
 8.5309239199017532e+02
 8.6207244546354389e+02
 8.7105249893691257e+02
 8.8003255241028126e+02
 8.8901260588364983e+02
# name: Hist_H0
# type: matrix
# rows: 100
# columns: 1
 1.0000000000000000e+03
 0.0000000000000000e+00
 0.0000000000000000e+00
 0.0000000000000000e+00
 0.0000000000000000e+00
 0.0000000000000000e+00
 0.0000000000000000e+00
 0.0000000000000000e+00
 0.0000000000000000e+00
 0.0000000000000000e+00
 0.0000000000000000e+00
 0.0000000000000000e+00
 0.0000000000000000e+00
 0.0000000000000000e+00
 0.0000000000000000e+00
 0.0000000000000000e+00
 0.0000000000000000e+00
 0.0000000000000000e+00
 0.0000000000000000e+00
 0.0000000000000000e+00
 0.0000000000000000e+00
 0.0000000000000000e+00
 0.0000000000000000e+00
 0.0000000000000000e+00
 0.0000000000000000e+00
 0.0000000000000000e+00
 0.0000000000000000e+00
 0.0000000000000000e+00
 0.0000000000000000e+00
 0.0000000000000000e+00
 0.0000000000000000e+00
 0.0000000000000000e+00
 0.0000000000000000e+00
 0.0000000000000000e+00
 0.0000000000000000e+00
 0.0000000000000000e+00
 0.0000000000000000e+00
 0.0000000000000000e+00
 0.0000000000000000e+00
 0.0000000000000000e+00
 0.0000000000000000e+00
 0.0000000000000000e+00
 0.0000000000000000e+00
 0.0000000000000000e+00
 0.0000000000000000e+00
 0.0000000000000000e+00
 0.0000000000000000e+00
 0.0000000000000000e+00
 0.0000000000000000e+00
 0.0000000000000000e+00
 0.0000000000000000e+00
 0.0000000000000000e+00
 0.0000000000000000e+00
 0.0000000000000000e+00
 0.0000000000000000e+00
 0.0000000000000000e+00
 0.0000000000000000e+00
 0.0000000000000000e+00
 0.0000000000000000e+00
 0.0000000000000000e+00
 0.0000000000000000e+00
 0.0000000000000000e+00
 0.0000000000000000e+00
 0.0000000000000000e+00
 0.0000000000000000e+00
 0.0000000000000000e+00
 0.0000000000000000e+00
 0.0000000000000000e+00
 0.0000000000000000e+00
 0.0000000000000000e+00
 0.0000000000000000e+00
 0.0000000000000000e+00
 0.0000000000000000e+00
 0.0000000000000000e+00
 0.0000000000000000e+00
 0.0000000000000000e+00
 0.0000000000000000e+00
 0.0000000000000000e+00
 0.0000000000000000e+00
 0.0000000000000000e+00
 0.0000000000000000e+00
 0.0000000000000000e+00
 0.0000000000000000e+00
 0.0000000000000000e+00
 0.0000000000000000e+00
 0.0000000000000000e+00
 0.0000000000000000e+00
 0.0000000000000000e+00
 0.0000000000000000e+00
 0.0000000000000000e+00
 0.0000000000000000e+00
 0.0000000000000000e+00
 0.0000000000000000e+00
 0.0000000000000000e+00
 0.0000000000000000e+00
 0.0000000000000000e+00
 0.0000000000000000e+00
 0.0000000000000000e+00
 0.0000000000000000e+00
 0.0000000000000000e+00
# name: Hist_H1
# type: matrix
# rows: 100
# columns: 1
 0.0000000000000000e+00
 0.0000000000000000e+00
 0.0000000000000000e+00
 0.0000000000000000e+00
 0.0000000000000000e+00
 0.0000000000000000e+00
 0.0000000000000000e+00
 0.0000000000000000e+00
 0.0000000000000000e+00
 0.0000000000000000e+00
 0.0000000000000000e+00
 0.0000000000000000e+00
 0.0000000000000000e+00
 0.0000000000000000e+00
 0.0000000000000000e+00
 0.0000000000000000e+00
 0.0000000000000000e+00
 0.0000000000000000e+00
 0.0000000000000000e+00
 0.0000000000000000e+00
 0.0000000000000000e+00
 0.0000000000000000e+00
 0.0000000000000000e+00
 0.0000000000000000e+00
 0.0000000000000000e+00
 0.0000000000000000e+00
 0.0000000000000000e+00
 0.0000000000000000e+00
 0.0000000000000000e+00
 0.0000000000000000e+00
 0.0000000000000000e+00
 0.0000000000000000e+00
 0.0000000000000000e+00
 0.0000000000000000e+00
 0.0000000000000000e+00
 0.0000000000000000e+00
 0.0000000000000000e+00
 0.0000000000000000e+00
 0.0000000000000000e+00
 0.0000000000000000e+00
 0.0000000000000000e+00
 0.0000000000000000e+00
 0.0000000000000000e+00
 0.0000000000000000e+00
 0.0000000000000000e+00
 0.0000000000000000e+00
 0.0000000000000000e+00
 0.0000000000000000e+00
 0.0000000000000000e+00
 0.0000000000000000e+00
 0.0000000000000000e+00
 0.0000000000000000e+00
 0.0000000000000000e+00
 0.0000000000000000e+00
 0.0000000000000000e+00
 0.0000000000000000e+00
 0.0000000000000000e+00
 0.0000000000000000e+00
 0.0000000000000000e+00
 0.0000000000000000e+00
 0.0000000000000000e+00
 0.0000000000000000e+00
 0.0000000000000000e+00
 0.0000000000000000e+00
 0.0000000000000000e+00
 0.0000000000000000e+00
 0.0000000000000000e+00
 1.0000000000000000e+00
 2.0000000000000000e+00
 1.0000000000000000e+00
 1.0000000000000000e+00
 3.0000000000000000e+00
 6.0000000000000000e+00
 5.0000000000000000e+00
 1.1000000000000000e+01
 1.5000000000000000e+01
 2.9000000000000000e+01
 2.3000000000000000e+01
 2.5000000000000000e+01
 3.8000000000000000e+01
 5.4000000000000000e+01
 6.8000000000000000e+01
 7.5000000000000000e+01
 8.7000000000000000e+01
 9.4000000000000000e+01
 7.4000000000000000e+01
 6.9000000000000000e+01
 6.7000000000000000e+01
 5.5000000000000000e+01
 4.8000000000000000e+01
 3.5000000000000000e+01
 3.9000000000000000e+01
 2.5000000000000000e+01
 1.7000000000000000e+01
 1.8000000000000000e+01
 6.0000000000000000e+00
 4.0000000000000000e+00
 3.0000000000000000e+00
 0.0000000000000000e+00
 1.0000000000000000e+00
