# Created by Physics and Images Processing Group 
# name: Abs
# type: matrix
# rows: 100
# columns: 1
 -1.2628116667784823e+03
 -1.2375305816086907e+03
 -1.2122494964388989e+03
 -1.1869684112691073e+03
 -1.1616873260993157e+03
 -1.1364062409295238e+03
 -1.1111251557597323e+03
 -1.0858440705899407e+03
 -1.0605629854201488e+03
 -1.0352819002503572e+03
 -1.0100008150805655e+03
 -9.8471972991077382e+02
 -9.5943864474098223e+02
 -9.3415755957119052e+02
 -9.0887647440139881e+02
 -8.8359538923160721e+02
 -8.5831430406181551e+02
 -8.3303321889202380e+02
 -8.0775213372223220e+02
 -7.8247104855244049e+02
 -7.5718996338264878e+02
 -7.3190887821285719e+02
 -7.0662779304306548e+02
 -6.8134670787327377e+02
 -6.5606562270348218e+02
 -6.3078453753369047e+02
 -6.0550345236389876e+02
 -5.8022236719410705e+02
 -5.5494128202431546e+02
 -5.2966019685452375e+02
 -5.0437911168473204e+02
 -4.7909802651494044e+02
 -4.5381694134514873e+02
 -4.2853585617535703e+02
 -4.0325477100556543e+02
 -3.7797368583577372e+02
 -3.5269260066598201e+02
 -3.2741151549619042e+02
 -3.0213043032639871e+02
 -2.7684934515660700e+02
 -2.5156825998681529e+02
 -2.2628717481702370e+02
 -2.0100608964723210e+02
 -1.7572500447744028e+02
 -1.5044391930764868e+02
 -1.2516283413785709e+02
 -9.9881748968065267e+01
 -7.4600663798273672e+01
 -4.9319578628482077e+01
 -2.4038493458690255e+01
 1.2425917111013405e+00
 2.6523676880893163e+01
 5.1804762050684758e+01
 7.7085847220476353e+01
 1.0236693239026818e+02
 1.2764801756005977e+02
 1.5292910272985137e+02
 1.7821018789964319e+02
 2.0349127306943478e+02
 2.2877235823922638e+02
 2.5405344340901820e+02
 2.7933452857880980e+02
 3.0461561374860139e+02
 3.2989669891839321e+02
 3.5517778408818481e+02
 3.8045886925797640e+02
 4.0573995442776823e+02
 4.3102103959755982e+02
 4.5630212476735142e+02
 4.8158320993714324e+02
 5.0686429510693483e+02
 5.3214538027672643e+02
 5.5742646544651825e+02
 5.8270755061630985e+02
 6.0798863578610144e+02
 6.3326972095589326e+02
 6.5855080612568486e+02
 6.8383189129547645e+02
 7.0911297646526828e+02
 7.3439406163505987e+02
 7.5967514680485169e+02
 7.8495623197464329e+02
 8.1023731714443488e+02
 8.3551840231422671e+02
 8.6079948748401807e+02
 8.8608057265380990e+02
 9.1136165782360172e+02
 9.3664274299339309e+02
 9.6192382816318491e+02
 9.8720491333297673e+02
 1.0124859985027681e+03
 1.0377670836725599e+03
 1.0630481688423517e+03
 1.0883292540121431e+03
 1.1136103391819349e+03
 1.1388914243517268e+03
 1.1641725095215181e+03
 1.1894535946913099e+03
 1.2147346798611018e+03
 1.2400157650308936e+03
# name: Hist_H0
# type: matrix
# rows: 100
# columns: 1
 4.0000000000000000e+00
 1.9000000000000000e+01
 8.0000000000000000e+01
 2.0600000000000000e+02
 2.6500000000000000e+02
 2.3800000000000000e+02
 1.3400000000000000e+02
 4.6000000000000000e+01
 8.0000000000000000e+00
 0.0000000000000000e+00
 0.0000000000000000e+00
 0.0000000000000000e+00
 0.0000000000000000e+00
 0.0000000000000000e+00
 0.0000000000000000e+00
 0.0000000000000000e+00
 0.0000000000000000e+00
 0.0000000000000000e+00
 0.0000000000000000e+00
 0.0000000000000000e+00
 0.0000000000000000e+00
 0.0000000000000000e+00
 0.0000000000000000e+00
 0.0000000000000000e+00
 0.0000000000000000e+00
 0.0000000000000000e+00
 0.0000000000000000e+00
 0.0000000000000000e+00
 0.0000000000000000e+00
 0.0000000000000000e+00
 0.0000000000000000e+00
 0.0000000000000000e+00
 0.0000000000000000e+00
 0.0000000000000000e+00
 0.0000000000000000e+00
 0.0000000000000000e+00
 0.0000000000000000e+00
 0.0000000000000000e+00
 0.0000000000000000e+00
 0.0000000000000000e+00
 0.0000000000000000e+00
 0.0000000000000000e+00
 0.0000000000000000e+00
 0.0000000000000000e+00
 0.0000000000000000e+00
 0.0000000000000000e+00
 0.0000000000000000e+00
 0.0000000000000000e+00
 0.0000000000000000e+00
 0.0000000000000000e+00
 0.0000000000000000e+00
 0.0000000000000000e+00
 0.0000000000000000e+00
 0.0000000000000000e+00
 0.0000000000000000e+00
 0.0000000000000000e+00
 0.0000000000000000e+00
 0.0000000000000000e+00
 0.0000000000000000e+00
 0.0000000000000000e+00
 0.0000000000000000e+00
 0.0000000000000000e+00
 0.0000000000000000e+00
 0.0000000000000000e+00
 0.0000000000000000e+00
 0.0000000000000000e+00
 0.0000000000000000e+00
 0.0000000000000000e+00
 0.0000000000000000e+00
 0.0000000000000000e+00
 0.0000000000000000e+00
 0.0000000000000000e+00
 0.0000000000000000e+00
 0.0000000000000000e+00
 0.0000000000000000e+00
 0.0000000000000000e+00
 0.0000000000000000e+00
 0.0000000000000000e+00
 0.0000000000000000e+00
 0.0000000000000000e+00
 0.0000000000000000e+00
 0.0000000000000000e+00
 0.0000000000000000e+00
 0.0000000000000000e+00
 0.0000000000000000e+00
 0.0000000000000000e+00
 0.0000000000000000e+00
 0.0000000000000000e+00
 0.0000000000000000e+00
 0.0000000000000000e+00
 0.0000000000000000e+00
 0.0000000000000000e+00
 0.0000000000000000e+00
 0.0000000000000000e+00
 0.0000000000000000e+00
 0.0000000000000000e+00
 0.0000000000000000e+00
 0.0000000000000000e+00
 0.0000000000000000e+00
 0.0000000000000000e+00
# name: Hist_H1
# type: matrix
# rows: 100
# columns: 1
 0.0000000000000000e+00
 0.0000000000000000e+00
 0.0000000000000000e+00
 0.0000000000000000e+00
 0.0000000000000000e+00
 0.0000000000000000e+00
 0.0000000000000000e+00
 0.0000000000000000e+00
 0.0000000000000000e+00
 0.0000000000000000e+00
 0.0000000000000000e+00
 0.0000000000000000e+00
 0.0000000000000000e+00
 0.0000000000000000e+00
 0.0000000000000000e+00
 0.0000000000000000e+00
 0.0000000000000000e+00
 0.0000000000000000e+00
 0.0000000000000000e+00
 0.0000000000000000e+00
 0.0000000000000000e+00
 0.0000000000000000e+00
 0.0000000000000000e+00
 0.0000000000000000e+00
 0.0000000000000000e+00
 0.0000000000000000e+00
 0.0000000000000000e+00
 0.0000000000000000e+00
 0.0000000000000000e+00
 0.0000000000000000e+00
 0.0000000000000000e+00
 0.0000000000000000e+00
 0.0000000000000000e+00
 0.0000000000000000e+00
 0.0000000000000000e+00
 0.0000000000000000e+00
 0.0000000000000000e+00
 0.0000000000000000e+00
 0.0000000000000000e+00
 0.0000000000000000e+00
 0.0000000000000000e+00
 0.0000000000000000e+00
 0.0000000000000000e+00
 0.0000000000000000e+00
 0.0000000000000000e+00
 0.0000000000000000e+00
 0.0000000000000000e+00
 0.0000000000000000e+00
 0.0000000000000000e+00
 0.0000000000000000e+00
 0.0000000000000000e+00
 0.0000000000000000e+00
 0.0000000000000000e+00
 0.0000000000000000e+00
 0.0000000000000000e+00
 0.0000000000000000e+00
 0.0000000000000000e+00
 0.0000000000000000e+00
 0.0000000000000000e+00
 0.0000000000000000e+00
 0.0000000000000000e+00
 0.0000000000000000e+00
 0.0000000000000000e+00
 0.0000000000000000e+00
 0.0000000000000000e+00
 0.0000000000000000e+00
 0.0000000000000000e+00
 0.0000000000000000e+00
 0.0000000000000000e+00
 0.0000000000000000e+00
 0.0000000000000000e+00
 0.0000000000000000e+00
 0.0000000000000000e+00
 0.0000000000000000e+00
 0.0000000000000000e+00
 0.0000000000000000e+00
 0.0000000000000000e+00
 0.0000000000000000e+00
 0.0000000000000000e+00
 0.0000000000000000e+00
 0.0000000000000000e+00
 0.0000000000000000e+00
 0.0000000000000000e+00
 0.0000000000000000e+00
 0.0000000000000000e+00
 0.0000000000000000e+00
 0.0000000000000000e+00
 0.0000000000000000e+00
 0.0000000000000000e+00
 0.0000000000000000e+00
 3.0000000000000000e+00
 1.3000000000000000e+01
 4.4000000000000000e+01
 1.2200000000000000e+02
 2.3000000000000000e+02
 2.8300000000000000e+02
 2.0100000000000000e+02
 8.9000000000000000e+01
 1.0000000000000000e+01
 4.0000000000000000e+00
