# Created by Physics and Images Processing Group 
# name: Abs
# type: matrix
# rows: 100
# columns: 1
 1.9919754319395227e-02
 3.0972039786358946e+03
 6.1943880375174704e+03
 9.2915720963990443e+03
 1.2388756155280620e+04
 1.5485940214162196e+04
 1.8583124273043770e+04
 2.1680308331925346e+04
 2.4777492390806921e+04
 2.7874676449688497e+04
 3.0971860508570073e+04
 3.4069044567451645e+04
 3.7166228626333221e+04
 4.0263412685214797e+04
 4.3360596744096372e+04
 4.6457780802977948e+04
 4.9554964861859524e+04
 5.2652148920741100e+04
 5.5749332979622675e+04
 5.8846517038504251e+04
 6.1943701097385827e+04
 6.5040885156267403e+04
 6.8138069215148978e+04
 7.1235253274030561e+04
 7.4332437332912130e+04
 7.7429621391793713e+04
 8.0526805450675281e+04
 8.3623989509556865e+04
 8.6721173568438433e+04
 8.9818357627320016e+04
 9.2915541686201585e+04
 9.6012725745083168e+04
 9.9109909803964736e+04
 1.0220709386284630e+05
 1.0530427792172789e+05
 1.0840146198060946e+05
 1.1149864603949104e+05
 1.1459583009837261e+05
 1.1769301415725419e+05
 1.2079019821613576e+05
 1.2388738227501734e+05
 1.2698456633389891e+05
 1.3008175039278049e+05
 1.3317893445166206e+05
 1.3627611851054363e+05
 1.3937330256942523e+05
 1.4247048662830680e+05
 1.4556767068718837e+05
 1.4866485474606993e+05
 1.5176203880495150e+05
 1.5485922286383310e+05
 1.5795640692271467e+05
 1.6105359098159624e+05
 1.6415077504047781e+05
 1.6724795909935940e+05
 1.7034514315824097e+05
 1.7344232721712254e+05
 1.7653951127600411e+05
 1.7963669533488571e+05
 1.8273387939376727e+05
 1.8583106345264884e+05
 1.8892824751153041e+05
 1.9202543157041201e+05
 1.9512261562929358e+05
 1.9821979968817515e+05
 2.0131698374705671e+05
 2.0441416780593828e+05
 2.0751135186481988e+05
 2.1060853592370145e+05
 2.1370571998258302e+05
 2.1680290404146459e+05
 2.1990008810034618e+05
 2.2299727215922775e+05
 2.2609445621810932e+05
 2.2919164027699089e+05
 2.3228882433587249e+05
 2.3538600839475406e+05
 2.3848319245363562e+05
 2.4158037651251719e+05
 2.4467756057139879e+05
 2.4777474463028036e+05
 2.5087192868916193e+05
 2.5396911274804350e+05
 2.5706629680692506e+05
 2.6016348086580666e+05
 2.6326066492468817e+05
 2.6635784898356977e+05
 2.6945503304245137e+05
 2.7255221710133291e+05
 2.7564940116021450e+05
 2.7874658521909610e+05
 2.8184376927797764e+05
 2.8494095333685924e+05
 2.8803813739574078e+05
 2.9113532145462238e+05
 2.9423250551350397e+05
 2.9732968957238551e+05
 3.0042687363126711e+05
 3.0352405769014865e+05
 3.0662124174903025e+05
# name: Hist_H0
# type: matrix
# rows: 100
# columns: 1
 3.0300000000000000e+02
 1.2600000000000000e+02
 9.5000000000000000e+01
 7.4000000000000000e+01
 4.1000000000000000e+01
 3.9000000000000000e+01
 2.7000000000000000e+01
 2.8000000000000000e+01
 3.8000000000000000e+01
 2.3000000000000000e+01
 1.9000000000000000e+01
 2.1000000000000000e+01
 1.8000000000000000e+01
 1.1000000000000000e+01
 7.0000000000000000e+00
 1.1000000000000000e+01
 1.2000000000000000e+01
 8.0000000000000000e+00
 1.1000000000000000e+01
 4.0000000000000000e+00
 9.0000000000000000e+00
 9.0000000000000000e+00
 4.0000000000000000e+00
 8.0000000000000000e+00
 5.0000000000000000e+00
 2.0000000000000000e+00
 6.0000000000000000e+00
 4.0000000000000000e+00
 6.0000000000000000e+00
 3.0000000000000000e+00
 1.0000000000000000e+00
 2.0000000000000000e+00
 1.0000000000000000e+00
 2.0000000000000000e+00
 1.0000000000000000e+00
 1.0000000000000000e+00
 2.0000000000000000e+00
 1.0000000000000000e+00
 2.0000000000000000e+00
 1.0000000000000000e+00
 0.0000000000000000e+00
 3.0000000000000000e+00
 1.0000000000000000e+00
 1.0000000000000000e+00
 0.0000000000000000e+00
 0.0000000000000000e+00
 1.0000000000000000e+00
 0.0000000000000000e+00
 0.0000000000000000e+00
 0.0000000000000000e+00
 1.0000000000000000e+00
 1.0000000000000000e+00
 0.0000000000000000e+00
 1.0000000000000000e+00
 2.0000000000000000e+00
 0.0000000000000000e+00
 0.0000000000000000e+00
 0.0000000000000000e+00
 0.0000000000000000e+00
 0.0000000000000000e+00
 0.0000000000000000e+00
 1.0000000000000000e+00
 0.0000000000000000e+00
 1.0000000000000000e+00
 0.0000000000000000e+00
 0.0000000000000000e+00
 0.0000000000000000e+00
 0.0000000000000000e+00
 0.0000000000000000e+00
 0.0000000000000000e+00
 0.0000000000000000e+00
 0.0000000000000000e+00
 0.0000000000000000e+00
 0.0000000000000000e+00
 1.0000000000000000e+00
 0.0000000000000000e+00
 0.0000000000000000e+00
 0.0000000000000000e+00
 0.0000000000000000e+00
 0.0000000000000000e+00
 0.0000000000000000e+00
 0.0000000000000000e+00
 0.0000000000000000e+00
 0.0000000000000000e+00
 0.0000000000000000e+00
 0.0000000000000000e+00
 0.0000000000000000e+00
 0.0000000000000000e+00
 0.0000000000000000e+00
 0.0000000000000000e+00
 0.0000000000000000e+00
 0.0000000000000000e+00
 0.0000000000000000e+00
 0.0000000000000000e+00
 0.0000000000000000e+00
 0.0000000000000000e+00
 0.0000000000000000e+00
 0.0000000000000000e+00
 0.0000000000000000e+00
 0.0000000000000000e+00
# name: Hist_H1
# type: matrix
# rows: 100
# columns: 1
 2.3600000000000000e+02
 1.0700000000000000e+02
 8.1000000000000000e+01
 6.9000000000000000e+01
 3.2000000000000000e+01
 5.3000000000000000e+01
 3.4000000000000000e+01
 3.6000000000000000e+01
 2.1000000000000000e+01
 2.6000000000000000e+01
 1.6000000000000000e+01
 1.5000000000000000e+01
 1.3000000000000000e+01
 1.5000000000000000e+01
 1.3000000000000000e+01
 1.3000000000000000e+01
 1.4000000000000000e+01
 1.4000000000000000e+01
 1.6000000000000000e+01
 1.2000000000000000e+01
 4.0000000000000000e+00
 1.2000000000000000e+01
 1.6000000000000000e+01
 6.0000000000000000e+00
 7.0000000000000000e+00
 1.3000000000000000e+01
 4.0000000000000000e+00
 6.0000000000000000e+00
 2.0000000000000000e+00
 7.0000000000000000e+00
 6.0000000000000000e+00
 6.0000000000000000e+00
 4.0000000000000000e+00
 1.0000000000000000e+00
 8.0000000000000000e+00
 2.0000000000000000e+00
 5.0000000000000000e+00
 3.0000000000000000e+00
 3.0000000000000000e+00
 5.0000000000000000e+00
 3.0000000000000000e+00
 2.0000000000000000e+00
 4.0000000000000000e+00
 2.0000000000000000e+00
 3.0000000000000000e+00
 3.0000000000000000e+00
 0.0000000000000000e+00
 0.0000000000000000e+00
 2.0000000000000000e+00
 2.0000000000000000e+00
 0.0000000000000000e+00
 1.0000000000000000e+00
 2.0000000000000000e+00
 1.0000000000000000e+00
 0.0000000000000000e+00
 3.0000000000000000e+00
 0.0000000000000000e+00
 0.0000000000000000e+00
 1.0000000000000000e+00
 2.0000000000000000e+00
 0.0000000000000000e+00
 1.0000000000000000e+00
 0.0000000000000000e+00
 0.0000000000000000e+00
 1.0000000000000000e+00
 0.0000000000000000e+00
 1.0000000000000000e+00
 1.0000000000000000e+00
 2.0000000000000000e+00
 2.0000000000000000e+00
 0.0000000000000000e+00
 0.0000000000000000e+00
 0.0000000000000000e+00
 0.0000000000000000e+00
 1.0000000000000000e+00
 0.0000000000000000e+00
 0.0000000000000000e+00
 0.0000000000000000e+00
 0.0000000000000000e+00
 0.0000000000000000e+00
 1.0000000000000000e+00
 0.0000000000000000e+00
 1.0000000000000000e+00
 0.0000000000000000e+00
 0.0000000000000000e+00
 0.0000000000000000e+00
 0.0000000000000000e+00
 0.0000000000000000e+00
 0.0000000000000000e+00
 0.0000000000000000e+00
 0.0000000000000000e+00
 0.0000000000000000e+00
 0.0000000000000000e+00
 1.0000000000000000e+00
 0.0000000000000000e+00
 0.0000000000000000e+00
 0.0000000000000000e+00
 0.0000000000000000e+00
 0.0000000000000000e+00
 0.0000000000000000e+00
