# Created by Physics and Images Processing Group 
# name: Abs
# type: matrix
# rows: 100
# columns: 1
 -6.1535371175563341e+01
 -5.9866429657249263e+01
 -5.8197488138935185e+01
 -5.6528546620621107e+01
 -5.4859605102307029e+01
 -5.3190663583992958e+01
 -5.1521722065678880e+01
 -4.9852780547364802e+01
 -4.8183839029050723e+01
 -4.6514897510736645e+01
 -4.4845955992422567e+01
 -4.3177014474108489e+01
 -4.1508072955794418e+01
 -3.9839131437480333e+01
 -3.8170189919166262e+01
 -3.6501248400852184e+01
 -3.4832306882538106e+01
 -3.3163365364224028e+01
 -3.1494423845909949e+01
 -2.9825482327595875e+01
 -2.8156540809281793e+01
 -2.6487599290967722e+01
 -2.4818657772653644e+01
 -2.3149716254339566e+01
 -2.1480774736025488e+01
 -1.9811833217711410e+01
 -1.8142891699397332e+01
 -1.6473950181083254e+01
 -1.4805008662769183e+01
 -1.3136067144455104e+01
 -1.1467125626141026e+01
 -9.7981841078269483e+00
 -8.1292425895128702e+00
 -6.4603010711987920e+00
 -4.7913595528847139e+00
 -3.1224180345706358e+00
 -1.4534765162565577e+00
 2.1546500205751329e-01
 1.8844065203715914e+00
 3.5533480386856695e+00
 5.2222895569997547e+00
 6.8912310753138257e+00
 8.5601725936278967e+00
 1.0229114111941982e+01
 1.1898055630256053e+01
 1.3566997148570138e+01
 1.5235938666884209e+01
 1.6904880185198294e+01
 1.8573821703512365e+01
 2.0242763221826436e+01
 2.1911704740140522e+01
 2.3580646258454593e+01
 2.5249587776768678e+01
 2.6918529295082749e+01
 2.8587470813396834e+01
 3.0256412331710905e+01
 3.1925353850024976e+01
 3.3594295368339061e+01
 3.5263236886653132e+01
 3.6932178404967217e+01
 3.8601119923281288e+01
 4.0270061441595374e+01
 4.1939002959909445e+01
 4.3607944478223530e+01
 4.5276885996537601e+01
 4.6945827514851672e+01
 4.8614769033165757e+01
 5.0283710551479828e+01
 5.1952652069793913e+01
 5.3621593588107984e+01
 5.5290535106422070e+01
 5.6959476624736141e+01
 5.8628418143050226e+01
 6.0297359661364297e+01
 6.1966301179678368e+01
 6.3635242697992453e+01
 6.5304184216306524e+01
 6.6973125734620595e+01
 6.8642067252934680e+01
 7.0311008771248765e+01
 7.1979950289562851e+01
 7.3648891807876907e+01
 7.5317833326190993e+01
 7.6986774844505078e+01
 7.8655716362819135e+01
 8.0324657881133220e+01
 8.1993599399447305e+01
 8.3662540917761390e+01
 8.5331482436075447e+01
 8.7000423954389532e+01
 8.8669365472703618e+01
 9.0338306991017674e+01
 9.2007248509331760e+01
 9.3676190027645845e+01
 9.5345131545959930e+01
 9.7014073064273987e+01
 9.8683014582588072e+01
 1.0035195610090216e+02
 1.0202089761921621e+02
 1.0368983913753030e+02
# name: Hist_H0
# type: matrix
# rows: 100
# columns: 1
 1.0000000000000000e+00
 3.0000000000000000e+00
 3.0000000000000000e+00
 1.0000000000000000e+01
 1.5000000000000000e+01
 2.8000000000000000e+01
 3.8000000000000000e+01
 6.8000000000000000e+01
 6.0000000000000000e+01
 6.5000000000000000e+01
 6.8000000000000000e+01
 8.5000000000000000e+01
 9.2000000000000000e+01
 8.0000000000000000e+01
 8.4000000000000000e+01
 5.7000000000000000e+01
 7.2000000000000000e+01
 5.1000000000000000e+01
 4.3000000000000000e+01
 3.4000000000000000e+01
 1.8000000000000000e+01
 9.0000000000000000e+00
 5.0000000000000000e+00
 2.0000000000000000e+00
 5.0000000000000000e+00
 1.0000000000000000e+00
 3.0000000000000000e+00
 0.0000000000000000e+00
 0.0000000000000000e+00
 0.0000000000000000e+00
 0.0000000000000000e+00
 0.0000000000000000e+00
 0.0000000000000000e+00
 0.0000000000000000e+00
 0.0000000000000000e+00
 0.0000000000000000e+00
 0.0000000000000000e+00
 0.0000000000000000e+00
 0.0000000000000000e+00
 0.0000000000000000e+00
 0.0000000000000000e+00
 0.0000000000000000e+00
 0.0000000000000000e+00
 0.0000000000000000e+00
 0.0000000000000000e+00
 0.0000000000000000e+00
 0.0000000000000000e+00
 0.0000000000000000e+00
 0.0000000000000000e+00
 0.0000000000000000e+00
 0.0000000000000000e+00
 0.0000000000000000e+00
 0.0000000000000000e+00
 0.0000000000000000e+00
 0.0000000000000000e+00
 0.0000000000000000e+00
 0.0000000000000000e+00
 0.0000000000000000e+00
 0.0000000000000000e+00
 0.0000000000000000e+00
 0.0000000000000000e+00
 0.0000000000000000e+00
 0.0000000000000000e+00
 0.0000000000000000e+00
 0.0000000000000000e+00
 0.0000000000000000e+00
 0.0000000000000000e+00
 0.0000000000000000e+00
 0.0000000000000000e+00
 0.0000000000000000e+00
 0.0000000000000000e+00
 0.0000000000000000e+00
 0.0000000000000000e+00
 0.0000000000000000e+00
 0.0000000000000000e+00
 0.0000000000000000e+00
 0.0000000000000000e+00
 0.0000000000000000e+00
 0.0000000000000000e+00
 0.0000000000000000e+00
 0.0000000000000000e+00
 0.0000000000000000e+00
 0.0000000000000000e+00
 0.0000000000000000e+00
 0.0000000000000000e+00
 0.0000000000000000e+00
 0.0000000000000000e+00
 0.0000000000000000e+00
 0.0000000000000000e+00
 0.0000000000000000e+00
 0.0000000000000000e+00
 0.0000000000000000e+00
 0.0000000000000000e+00
 0.0000000000000000e+00
 0.0000000000000000e+00
 0.0000000000000000e+00
 0.0000000000000000e+00
 0.0000000000000000e+00
 0.0000000000000000e+00
 0.0000000000000000e+00
# name: Hist_H1
# type: matrix
# rows: 100
# columns: 1
 0.0000000000000000e+00
 0.0000000000000000e+00
 0.0000000000000000e+00
 0.0000000000000000e+00
 0.0000000000000000e+00
 0.0000000000000000e+00
 0.0000000000000000e+00
 0.0000000000000000e+00
 0.0000000000000000e+00
 0.0000000000000000e+00
 0.0000000000000000e+00
 0.0000000000000000e+00
 0.0000000000000000e+00
 0.0000000000000000e+00
 0.0000000000000000e+00
 0.0000000000000000e+00
 0.0000000000000000e+00
 0.0000000000000000e+00
 0.0000000000000000e+00
 0.0000000000000000e+00
 0.0000000000000000e+00
 0.0000000000000000e+00
 0.0000000000000000e+00
 0.0000000000000000e+00
 0.0000000000000000e+00
 0.0000000000000000e+00
 0.0000000000000000e+00
 0.0000000000000000e+00
 0.0000000000000000e+00
 0.0000000000000000e+00
 0.0000000000000000e+00
 0.0000000000000000e+00
 0.0000000000000000e+00
 0.0000000000000000e+00
 0.0000000000000000e+00
 0.0000000000000000e+00
 0.0000000000000000e+00
 0.0000000000000000e+00
 0.0000000000000000e+00
 0.0000000000000000e+00
 0.0000000000000000e+00
 0.0000000000000000e+00
 0.0000000000000000e+00
 0.0000000000000000e+00
 0.0000000000000000e+00
 0.0000000000000000e+00
 0.0000000000000000e+00
 0.0000000000000000e+00
 0.0000000000000000e+00
 0.0000000000000000e+00
 0.0000000000000000e+00
 1.0000000000000000e+00
 2.0000000000000000e+00
 0.0000000000000000e+00
 5.0000000000000000e+00
 4.0000000000000000e+00
 7.0000000000000000e+00
 7.0000000000000000e+00
 5.0000000000000000e+00
 1.4000000000000000e+01
 8.0000000000000000e+00
 1.5000000000000000e+01
 2.4000000000000000e+01
 2.9000000000000000e+01
 2.9000000000000000e+01
 2.8000000000000000e+01
 3.2000000000000000e+01
 4.0000000000000000e+01
 3.8000000000000000e+01
 4.3000000000000000e+01
 4.6000000000000000e+01
 4.2000000000000000e+01
 6.0000000000000000e+01
 4.2000000000000000e+01
 5.4000000000000000e+01
 3.4000000000000000e+01
 4.4000000000000000e+01
 4.7000000000000000e+01
 4.2000000000000000e+01
 4.2000000000000000e+01
 4.0000000000000000e+01
 3.0000000000000000e+01
 3.4000000000000000e+01
 2.8000000000000000e+01
 1.4000000000000000e+01
 1.4000000000000000e+01
 1.3000000000000000e+01
 1.3000000000000000e+01
 8.0000000000000000e+00
 4.0000000000000000e+00
 6.0000000000000000e+00
 1.0000000000000000e+00
 2.0000000000000000e+00
 1.0000000000000000e+00
 0.0000000000000000e+00
 3.0000000000000000e+00
 3.0000000000000000e+00
 1.0000000000000000e+00
 0.0000000000000000e+00
 0.0000000000000000e+00
