# Created by Physics and Images Processing Group 
# name: Abs
# type: matrix
# rows: 100
# columns: 1
 3.0163375619807765e-07
 6.5854769169836319e-02
 1.3170923670591644e-01
 1.9756370424199657e-01
 2.6341817177807669e-01
 3.2927263931415685e-01
 3.9512710685023694e-01
 4.6098157438631704e-01
 5.2683604192239719e-01
 5.9269050945847734e-01
 6.5854497699455750e-01
 7.2439944453063754e-01
 7.9025391206671769e-01
 8.5610837960279784e-01
 9.2196284713887788e-01
 9.8781731467495804e-01
 1.0536717822110382e+00
 1.1195262497471183e+00
 1.1853807172831985e+00
 1.2512351848192786e+00
 1.3170896523553588e+00
 1.3829441198914387e+00
 1.4487985874275189e+00
 1.5146530549635990e+00
 1.5805075224996792e+00
 1.6463619900357593e+00
 1.7122164575718395e+00
 1.7780709251079196e+00
 1.8439253926439996e+00
 1.9097798601800797e+00
 1.9756343277161599e+00
 2.0414887952522403e+00
 2.1073432627883202e+00
 2.1731977303244001e+00
 2.2390521978604805e+00
 2.3049066653965604e+00
 2.3707611329326408e+00
 2.4366156004687207e+00
 2.5024700680048011e+00
 2.5683245355408810e+00
 2.6341790030769614e+00
 2.7000334706130413e+00
 2.7658879381491213e+00
 2.8317424056852016e+00
 2.8975968732212816e+00
 2.9634513407573619e+00
 3.0293058082934419e+00
 3.0951602758295222e+00
 3.1610147433656022e+00
 3.2268692109016821e+00
 3.2927236784377625e+00
 3.3585781459738424e+00
 3.4244326135099228e+00
 3.4902870810460027e+00
 3.5561415485820831e+00
 3.6219960161181630e+00
 3.6878504836542430e+00
 3.7537049511903233e+00
 3.8195594187264033e+00
 3.8854138862624836e+00
 3.9512683537985636e+00
 4.0171228213346435e+00
 4.0829772888707243e+00
 4.1488317564068042e+00
 4.2146862239428842e+00
 4.2805406914789641e+00
 4.3463951590150440e+00
 4.4122496265511248e+00
 4.4781040940872048e+00
 4.5439585616232847e+00
 4.6098130291593646e+00
 4.6756674966954455e+00
 4.7415219642315254e+00
 4.8073764317676053e+00
 4.8732308993036852e+00
 4.9390853668397652e+00
 5.0049398343758460e+00
 5.0707943019119259e+00
 5.1366487694480059e+00
 5.2025032369840858e+00
 5.2683577045201666e+00
 5.3342121720562465e+00
 5.4000666395923265e+00
 5.4659211071284064e+00
 5.5317755746644863e+00
 5.5976300422005671e+00
 5.6634845097366471e+00
 5.7293389772727270e+00
 5.7951934448088069e+00
 5.8610479123448869e+00
 5.9269023798809677e+00
 5.9927568474170476e+00
 6.0586113149531275e+00
 6.1244657824892075e+00
 6.1903202500252883e+00
 6.2561747175613682e+00
 6.3220291850974482e+00
 6.3878836526335281e+00
 6.4537381201696080e+00
 6.5195925877056888e+00
# name: Hist_H0
# type: matrix
# rows: 100
# columns: 1
 1.0000000000000000e+03
 0.0000000000000000e+00
 0.0000000000000000e+00
 0.0000000000000000e+00
 0.0000000000000000e+00
 0.0000000000000000e+00
 0.0000000000000000e+00
 0.0000000000000000e+00
 0.0000000000000000e+00
 0.0000000000000000e+00
 0.0000000000000000e+00
 0.0000000000000000e+00
 0.0000000000000000e+00
 0.0000000000000000e+00
 0.0000000000000000e+00
 0.0000000000000000e+00
 0.0000000000000000e+00
 0.0000000000000000e+00
 0.0000000000000000e+00
 0.0000000000000000e+00
 0.0000000000000000e+00
 0.0000000000000000e+00
 0.0000000000000000e+00
 0.0000000000000000e+00
 0.0000000000000000e+00
 0.0000000000000000e+00
 0.0000000000000000e+00
 0.0000000000000000e+00
 0.0000000000000000e+00
 0.0000000000000000e+00
 0.0000000000000000e+00
 0.0000000000000000e+00
 0.0000000000000000e+00
 0.0000000000000000e+00
 0.0000000000000000e+00
 0.0000000000000000e+00
 0.0000000000000000e+00
 0.0000000000000000e+00
 0.0000000000000000e+00
 0.0000000000000000e+00
 0.0000000000000000e+00
 0.0000000000000000e+00
 0.0000000000000000e+00
 0.0000000000000000e+00
 0.0000000000000000e+00
 0.0000000000000000e+00
 0.0000000000000000e+00
 0.0000000000000000e+00
 0.0000000000000000e+00
 0.0000000000000000e+00
 0.0000000000000000e+00
 0.0000000000000000e+00
 0.0000000000000000e+00
 0.0000000000000000e+00
 0.0000000000000000e+00
 0.0000000000000000e+00
 0.0000000000000000e+00
 0.0000000000000000e+00
 0.0000000000000000e+00
 0.0000000000000000e+00
 0.0000000000000000e+00
 0.0000000000000000e+00
 0.0000000000000000e+00
 0.0000000000000000e+00
 0.0000000000000000e+00
 0.0000000000000000e+00
 0.0000000000000000e+00
 0.0000000000000000e+00
 0.0000000000000000e+00
 0.0000000000000000e+00
 0.0000000000000000e+00
 0.0000000000000000e+00
 0.0000000000000000e+00
 0.0000000000000000e+00
 0.0000000000000000e+00
 0.0000000000000000e+00
 0.0000000000000000e+00
 0.0000000000000000e+00
 0.0000000000000000e+00
 0.0000000000000000e+00
 0.0000000000000000e+00
 0.0000000000000000e+00
 0.0000000000000000e+00
 0.0000000000000000e+00
 0.0000000000000000e+00
 0.0000000000000000e+00
 0.0000000000000000e+00
 0.0000000000000000e+00
 0.0000000000000000e+00
 0.0000000000000000e+00
 0.0000000000000000e+00
 0.0000000000000000e+00
 0.0000000000000000e+00
 0.0000000000000000e+00
 0.0000000000000000e+00
 0.0000000000000000e+00
 0.0000000000000000e+00
 0.0000000000000000e+00
 0.0000000000000000e+00
 0.0000000000000000e+00
# name: Hist_H1
# type: matrix
# rows: 100
# columns: 1
 0.0000000000000000e+00
 0.0000000000000000e+00
 0.0000000000000000e+00
 0.0000000000000000e+00
 0.0000000000000000e+00
 0.0000000000000000e+00
 0.0000000000000000e+00
 0.0000000000000000e+00
 0.0000000000000000e+00
 0.0000000000000000e+00
 0.0000000000000000e+00
 0.0000000000000000e+00
 0.0000000000000000e+00
 0.0000000000000000e+00
 0.0000000000000000e+00
 0.0000000000000000e+00
 0.0000000000000000e+00
 0.0000000000000000e+00
 0.0000000000000000e+00
 0.0000000000000000e+00
 0.0000000000000000e+00
 0.0000000000000000e+00
 0.0000000000000000e+00
 0.0000000000000000e+00
 0.0000000000000000e+00
 0.0000000000000000e+00
 0.0000000000000000e+00
 0.0000000000000000e+00
 0.0000000000000000e+00
 0.0000000000000000e+00
 0.0000000000000000e+00
 0.0000000000000000e+00
 0.0000000000000000e+00
 0.0000000000000000e+00
 0.0000000000000000e+00
 0.0000000000000000e+00
 0.0000000000000000e+00
 0.0000000000000000e+00
 0.0000000000000000e+00
 0.0000000000000000e+00
 0.0000000000000000e+00
 0.0000000000000000e+00
 0.0000000000000000e+00
 0.0000000000000000e+00
 0.0000000000000000e+00
 0.0000000000000000e+00
 0.0000000000000000e+00
 0.0000000000000000e+00
 0.0000000000000000e+00
 0.0000000000000000e+00
 0.0000000000000000e+00
 0.0000000000000000e+00
 0.0000000000000000e+00
 0.0000000000000000e+00
 0.0000000000000000e+00
 0.0000000000000000e+00
 0.0000000000000000e+00
 0.0000000000000000e+00
 0.0000000000000000e+00
 0.0000000000000000e+00
 0.0000000000000000e+00
 0.0000000000000000e+00
 0.0000000000000000e+00
 0.0000000000000000e+00
 0.0000000000000000e+00
 0.0000000000000000e+00
 0.0000000000000000e+00
 0.0000000000000000e+00
 0.0000000000000000e+00
 0.0000000000000000e+00
 1.0000000000000000e+00
 0.0000000000000000e+00
 0.0000000000000000e+00
 1.0000000000000000e+00
 3.0000000000000000e+00
 9.0000000000000000e+00
 1.5000000000000000e+01
 1.1000000000000000e+01
 1.7000000000000000e+01
 1.8000000000000000e+01
 3.1000000000000000e+01
 3.9000000000000000e+01
 4.6000000000000000e+01
 7.9000000000000000e+01
 7.9000000000000000e+01
 8.3000000000000000e+01
 8.5000000000000000e+01
 9.0000000000000000e+01
 8.7000000000000000e+01
 8.1000000000000000e+01
 5.6000000000000000e+01
 4.6000000000000000e+01
 3.9000000000000000e+01
 3.2000000000000000e+01
 1.5000000000000000e+01
 1.1000000000000000e+01
 1.3000000000000000e+01
 6.0000000000000000e+00
 2.0000000000000000e+00
 4.0000000000000000e+00
